,Unnamed: 0,product,link,Price,PartNumber,OnlineStock,StoreURL,6517,6518,6501,6509,6513
700,700,Terre de Famille Jean Cavaille Savoie 2015,https://www.finewineandgoodspirits.com/webapp/wcs/stores/servlet/ProductDisplay?catalogId=10051&storeId=10051&productId=1951380&langId=-1&partNumber=000026262prod&errorViewName=ProductDisplayErrorView&categoryId=1334028&top_category=1334028&parent_category_rn=1334028&urlLangId=&categoryType=Wines&fromURL=%2fwebapp%2fwcs%2fstores%2fservlet%2fCatalogSearchResultView%3fstoreId%3d10051%26catalogId%3d10051%26langId%3d-1%26categoryId%3d1334028%26categoryType%3d%26top_category%3d%26parent_category_rn%3d%26sortBy%3d5%26searchSource%3dE%26pageView%3d%26beginIndex%3d780,5.99,26262,None Available,https://www.finewineandgoodspirits.com/webapp/wcs/stores/servlet/ProductDetailInStore?ItemCode=000026262&catalogId=10051&storeId=10051&langId=-1&prodlistCatId=1334028&parent_category_rn=1334028&ProdName=Terre%20de%20Famille%20Jean%20Cavaille%20Savoie%202015&fromURL=/webapp/wcs/stores/servlet/CatalogSearchResultView?storeId=10051%26catalogId=10051%26langId=-1%26categoryId=1334028%26categoryType=%26top_category=%26parent_category_rn=%26sortBy=5%26searchSource=E%26pageView=%26beginIndex=780,,,,,
701,701,Claudie Peguet Fleurie 2015,https://www.finewineandgoodspirits.com/webapp/wcs/stores/servlet/ProductDisplay?catalogId=10051&storeId=10051&productId=1951384&langId=-1&partNumber=000026281prod&errorViewName=ProductDisplayErrorView&categoryId=1334028&top_category=1334028&parent_category_rn=1334028&urlLangId=&categoryType=Wines&fromURL=%2fwebapp%2fwcs%2fstores%2fservlet%2fCatalogSearchResultView%3fstoreId%3d10051%26catalogId%3d10051%26langId%3d-1%26categoryId%3d1334028%26categoryType%3d%26top_category%3d%26parent_category_rn%3d%26sortBy%3d5%26searchSource%3dE%26pageView%3d%26beginIndex%3d780,11.19,26281,None Available,https://www.finewineandgoodspirits.com/webapp/wcs/stores/servlet/ProductDetailInStore?ItemCode=000026281&catalogId=10051&storeId=10051&langId=-1&prodlistCatId=1334028&parent_category_rn=1334028&ProdName=Claudie%20Peguet%20Fleurie%202015&fromURL=/webapp/wcs/stores/servlet/CatalogSearchResultView?storeId=10051%26catalogId=10051%26langId=-1%26categoryId=1334028%26categoryType=%26top_category=%26parent_category_rn=%26sortBy=5%26searchSource=E%26pageView=%26beginIndex=780,,,,,
702,702,Haraszthy Family Cellars Bearitage Sauvignon Blanc 2015,https://www.finewineandgoodspirits.com/webapp/wcs/stores/servlet/ProductDisplay?catalogId=10051&storeId=10051&productId=1951414&langId=-1&partNumber=000026634prod&errorViewName=ProductDisplayErrorView&categoryId=1334028&top_category=1334028&parent_category_rn=1334028&urlLangId=&categoryType=Wines&fromURL=%2fwebapp%2fwcs%2fstores%2fservlet%2fCatalogSearchResultView%3fstoreId%3d10051%26catalogId%3d10051%26langId%3d-1%26categoryId%3d1334028%26categoryType%3d%26top_category%3d%26parent_category_rn%3d%26sortBy%3d5%26searchSource%3dE%26pageView%3d%26beginIndex%3d795,10.39,26634,None Available,https://www.finewineandgoodspirits.com/webapp/wcs/stores/servlet/ProductDetailInStore?ItemCode=000026634&catalogId=10051&storeId=10051&langId=-1&prodlistCatId=1334028&parent_category_rn=1334028&ProdName=Haraszthy%20Family%20Cellars%20Bearitage%20Sauvignon%20Blanc%202015&fromURL=/webapp/wcs/stores/servlet/CatalogSearchResultView?storeId=10051%26catalogId=10051%26langId=-1%26categoryId=1334028%26categoryType=%26top_category=%26parent_category_rn=%26sortBy=5%26searchSource=E%26pageView=%26beginIndex=795,,,,,
703,703,Rancho Sisquoc Chardonnay Santa Barbara 2014,https://www.finewineandgoodspirits.com/webapp/wcs/stores/servlet/ProductDisplay?catalogId=10051&storeId=10051&productId=1951486&langId=-1&partNumber=000028656prod&errorViewName=ProductDisplayErrorView&categoryId=1334028&top_category=1334028&parent_category_rn=1334028&urlLangId=&categoryType=Wines&fromURL=%2fwebapp%2fwcs%2fstores%2fservlet%2fCatalogSearchResultView%3fstoreId%3d10051%26catalogId%3d10051%26langId%3d-1%26categoryId%3d1334028%26categoryType%3d%26top_category%3d%26parent_category_rn%3d%26sortBy%3d5%26searchSource%3dE%26pageView%3d%26beginIndex%3d45,9.99,28656,None Available,https://www.finewineandgoodspirits.com/webapp/wcs/stores/servlet/ProductDetailInStore?ItemCode=000028656&catalogId=10051&storeId=10051&langId=-1&prodlistCatId=1334028&parent_category_rn=1334028&ProdName=Rancho%20Sisquoc%20Chardonnay%20Santa%20Barbara%202014&fromURL=/webapp/wcs/stores/servlet/CatalogSearchResultView?storeId=10051%26catalogId=10051%26langId=-1%26categoryId=1334028%26categoryType=%26top_category=%26parent_category_rn=%26sortBy=5%26searchSource=E%26pageView=%26beginIndex=45,,,,,
704,704,Nicolas Potel Macon Villages 2015,https://www.finewineandgoodspirits.com/webapp/wcs/stores/servlet/ProductDisplay?catalogId=10051&storeId=10051&productId=1951526&langId=-1&partNumber=000029352prod&errorViewName=ProductDisplayErrorView&categoryId=1334028&top_category=1334028&parent_category_rn=1334028&urlLangId=&categoryType=Wines&fromURL=%2fwebapp%2fwcs%2fstores%2fservlet%2fCatalogSearchResultView%3fstoreId%3d10051%26catalogId%3d10051%26langId%3d-1%26categoryId%3d1334028%26categoryType%3d%26top_category%3d%26parent_category_rn%3d%26sortBy%3d5%26searchSource%3dE%26pageView%3d%26beginIndex%3d795,11.99,29352,None Available,https://www.finewineandgoodspirits.com/webapp/wcs/stores/servlet/ProductDetailInStore?ItemCode=000029352&catalogId=10051&storeId=10051&langId=-1&prodlistCatId=1334028&parent_category_rn=1334028&ProdName=Nicolas%20Potel%20Macon%20Villages%202015&fromURL=/webapp/wcs/stores/servlet/CatalogSearchResultView?storeId=10051%26catalogId=10051%26langId=-1%26categoryId=1334028%26categoryType=%26top_category=%26parent_category_rn=%26sortBy=5%26searchSource=E%26pageView=%26beginIndex=795,,,,,
705,705,Domaine la Lyre Cotes du Rhone Blanc 2016,https://www.finewineandgoodspirits.com/webapp/wcs/stores/servlet/ProductDisplay?catalogId=10051&storeId=10051&productId=1951530&langId=-1&partNumber=000029377prod&errorViewName=ProductDisplayErrorView&categoryId=1334028&top_category=1334028&parent_category_rn=1334028&urlLangId=&categoryType=Wines&fromURL=%2fwebapp%2fwcs%2fstores%2fservlet%2fCatalogSearchResultView%3fstoreId%3d10051%26catalogId%3d10051%26langId%3d-1%26categoryId%3d1334028%26categoryType%3d%26top_category%3d%26parent_category_rn%3d%26sortBy%3d5%26searchSource%3dE%26pageView%3d%26beginIndex%3d795,9.59,29377,None Available,https://www.finewineandgoodspirits.com/webapp/wcs/stores/servlet/ProductDetailInStore?ItemCode=000029377&catalogId=10051&storeId=10051&langId=-1&prodlistCatId=1334028&parent_category_rn=1334028&ProdName=Domaine%20la%20Lyre%20Cotes%20du%20Rhone%20Blanc%202016&fromURL=/webapp/wcs/stores/servlet/CatalogSearchResultView?storeId=10051%26catalogId=10051%26langId=-1%26categoryId=1334028%26categoryType=%26top_category=%26parent_category_rn=%26sortBy=5%26searchSource=E%26pageView=%26beginIndex=795,,,,,
706,706,Domaine A Cailbourdin Les Cris Pouilly Fume 2015,https://www.finewineandgoodspirits.com/webapp/wcs/stores/servlet/ProductDisplay?catalogId=10051&storeId=10051&productId=1951534&langId=-1&partNumber=000029399prod&errorViewName=ProductDisplayErrorView&categoryId=1334028&top_category=1334028&parent_category_rn=1334028&urlLangId=&categoryType=Wines&fromURL=%2fwebapp%2fwcs%2fstores%2fservlet%2fCatalogSearchResultView%3fstoreId%3d10051%26catalogId%3d10051%26langId%3d-1%26categoryId%3d1334028%26categoryType%3d%26top_category%3d%26parent_category_rn%3d%26sortBy%3d5%26searchSource%3dE%26pageView%3d%26beginIndex%3d795,18.39,29399,None Available,https://www.finewineandgoodspirits.com/webapp/wcs/stores/servlet/ProductDetailInStore?ItemCode=000029399&catalogId=10051&storeId=10051&langId=-1&prodlistCatId=1334028&parent_category_rn=1334028&ProdName=Domaine%20A%20Cailbourdin%20Les%20Cris%20Pouilly%20Fume%202015&fromURL=/webapp/wcs/stores/servlet/CatalogSearchResultView?storeId=10051%26catalogId=10051%26langId=-1%26categoryId=1334028%26categoryType=%26top_category=%26parent_category_rn=%26sortBy=5%26searchSource=E%26pageView=%26beginIndex=795,,,,,
707,707,Ferrari Brut Trento Non Vintage,https://www.finewineandgoodspirits.com/webapp/wcs/stores/servlet/ProductDisplay?catalogId=10051&storeId=10051&productId=1951546&langId=-1&partNumber=000029449prod&errorViewName=ProductDisplayErrorView&categoryId=1334028&top_category=1334028&parent_category_rn=1334028&urlLangId=&categoryType=Wines&fromURL=%2fwebapp%2fwcs%2fstores%2fservlet%2fCatalogSearchResultView%3fstoreId%3d10051%26catalogId%3d10051%26langId%3d-1%26categoryId%3d1334028%26categoryType%3d%26top_category%3d%26parent_category_rn%3d%26sortBy%3d5%26searchSource%3dE%26pageView%3d%26beginIndex%3d795,19.99,29449,None Available,https://www.finewineandgoodspirits.com/webapp/wcs/stores/servlet/ProductDetailInStore?ItemCode=000029449&catalogId=10051&storeId=10051&langId=-1&prodlistCatId=1334028&parent_category_rn=1334028&ProdName=Ferrari%20Brut%20Trento%20Non%20Vintage&fromURL=/webapp/wcs/stores/servlet/CatalogSearchResultView?storeId=10051%26catalogId=10051%26langId=-1%26categoryId=1334028%26categoryType=%26top_category=%26parent_category_rn=%26sortBy=5%26searchSource=E%26pageView=%26beginIndex=795,,,,,
708,708,One Plus One Equals Three Cava Brut Non VIntage,https://www.finewineandgoodspirits.com/webapp/wcs/stores/servlet/ProductDisplay?catalogId=10051&storeId=10051&productId=1951672&langId=-1&partNumber=000029894prod&errorViewName=ProductDisplayErrorView&categoryId=1334028&top_category=1334028&parent_category_rn=1334028&urlLangId=&categoryType=Wines&fromURL=%2fwebapp%2fwcs%2fstores%2fservlet%2fCatalogSearchResultView%3fstoreId%3d10051%26catalogId%3d10051%26langId%3d-1%26categoryId%3d1334028%26categoryType%3d%26top_category%3d%26parent_category_rn%3d%26sortBy%3d5%26searchSource%3dE%26pageView%3d%26beginIndex%3d795,12.79,29894,None Available,https://www.finewineandgoodspirits.com/webapp/wcs/stores/servlet/ProductDetailInStore?ItemCode=000029894&catalogId=10051&storeId=10051&langId=-1&prodlistCatId=1334028&parent_category_rn=1334028&ProdName=One%20Plus%20One%20Equals%20Three%20Cava%20Brut%20Non%20VIntage&fromURL=/webapp/wcs/stores/servlet/CatalogSearchResultView?storeId=10051%26catalogId=10051%26langId=-1%26categoryId=1334028%26categoryType=%26top_category=%26parent_category_rn=%26sortBy=5%26searchSource=E%26pageView=%26beginIndex=795,,,,,
709,709,Perusini Colli Orientali del Friuli Pinot Grigio 2016,https://www.finewineandgoodspirits.com/webapp/wcs/stores/servlet/ProductDisplay?catalogId=10051&storeId=10051&productId=1951772&langId=-1&partNumber=000030260prod&errorViewName=ProductDisplayErrorView&categoryId=1334028&top_category=1334028&parent_category_rn=1334028&urlLangId=&categoryType=Wines&fromURL=%2fwebapp%2fwcs%2fstores%2fservlet%2fCatalogSearchResultView%3fstoreId%3d10051%26catalogId%3d10051%26langId%3d-1%26categoryId%3d1334028%26categoryType%3d%26top_category%3d%26parent_category_rn%3d%26sortBy%3d5%26searchSource%3dE%26pageView%3d%26beginIndex%3d795,15.99,30260,None Available,https://www.finewineandgoodspirits.com/webapp/wcs/stores/servlet/ProductDetailInStore?ItemCode=000030260&catalogId=10051&storeId=10051&langId=-1&prodlistCatId=1334028&parent_category_rn=1334028&ProdName=Perusini%20Colli%20Orientali%20del%20Friuli%20Pinot%20Grigio%202016&fromURL=/webapp/wcs/stores/servlet/CatalogSearchResultView?storeId=10051%26catalogId=10051%26langId=-1%26categoryId=1334028%26categoryType=%26top_category=%26parent_category_rn=%26sortBy=5%26searchSource=E%26pageView=%26beginIndex=795,,,,,
710,710,Domaine Michel Fonne Riesling Tradition Alsace 2015,https://www.finewineandgoodspirits.com/webapp/wcs/stores/servlet/ProductDisplay?catalogId=10051&storeId=10051&productId=1951814&langId=-1&partNumber=000030353prod&errorViewName=ProductDisplayErrorView&categoryId=1334028&top_category=1334028&parent_category_rn=1334028&urlLangId=&categoryType=Wines&fromURL=%2fwebapp%2fwcs%2fstores%2fservlet%2fCatalogSearchResultView%3fstoreId%3d10051%26catalogId%3d10051%26langId%3d-1%26categoryId%3d1334028%26categoryType%3d%26top_category%3d%26parent_category_rn%3d%26sortBy%3d5%26searchSource%3dE%26pageView%3d%26beginIndex%3d795,11.99,30353,None Available,https://www.finewineandgoodspirits.com/webapp/wcs/stores/servlet/ProductDetailInStore?ItemCode=000030353&catalogId=10051&storeId=10051&langId=-1&prodlistCatId=1334028&parent_category_rn=1334028&ProdName=Domaine%20Michel%20Fonne%20Riesling%20Tradition%20Alsace%202015&fromURL=/webapp/wcs/stores/servlet/CatalogSearchResultView?storeId=10051%26catalogId=10051%26langId=-1%26categoryId=1334028%26categoryType=%26top_category=%26parent_category_rn=%26sortBy=5%26searchSource=E%26pageView=%26beginIndex=795,,,,,
711,711,Domaine Vaquer Cuvee Bernard Cotes du Roussillon 2015,https://www.finewineandgoodspirits.com/webapp/wcs/stores/servlet/ProductDisplay?catalogId=10051&storeId=10051&productId=1951892&langId=-1&partNumber=000030503prod&errorViewName=ProductDisplayErrorView&categoryId=1334028&top_category=1334028&parent_category_rn=1334028&urlLangId=&categoryType=Wines&fromURL=%2fwebapp%2fwcs%2fstores%2fservlet%2fCatalogSearchResultView%3fstoreId%3d10051%26catalogId%3d10051%26langId%3d-1%26categoryId%3d1334028%26categoryType%3d%26top_category%3d%26parent_category_rn%3d%26sortBy%3d5%26searchSource%3dE%26pageView%3d%26beginIndex%3d795,14.39,30503,None Available,https://www.finewineandgoodspirits.com/webapp/wcs/stores/servlet/ProductDetailInStore?ItemCode=000030503&catalogId=10051&storeId=10051&langId=-1&prodlistCatId=1334028&parent_category_rn=1334028&ProdName=Domaine%20Vaquer%20Cuvee%20Bernard%20Cotes%20du%20Roussillon%202015&fromURL=/webapp/wcs/stores/servlet/CatalogSearchResultView?storeId=10051%26catalogId=10051%26langId=-1%26categoryId=1334028%26categoryType=%26top_category=%26parent_category_rn=%26sortBy=5%26searchSource=E%26pageView=%26beginIndex=795,,,,,
712,712,Chateau du Donjon La Pujade Minervois 2015,https://www.finewineandgoodspirits.com/webapp/wcs/stores/servlet/ProductDisplay?catalogId=10051&storeId=10051&productId=1951896&langId=-1&partNumber=000030508prod&errorViewName=ProductDisplayErrorView&categoryId=1334028&top_category=1334028&parent_category_rn=1334028&urlLangId=&categoryType=Wines&fromURL=%2fwebapp%2fwcs%2fstores%2fservlet%2fCatalogSearchResultView%3fstoreId%3d10051%26catalogId%3d10051%26langId%3d-1%26categoryId%3d1334028%26categoryType%3d%26top_category%3d%26parent_category_rn%3d%26sortBy%3d5%26searchSource%3dE%26pageView%3d%26beginIndex%3d795,14.39,30508,None Available,https://www.finewineandgoodspirits.com/webapp/wcs/stores/servlet/ProductDetailInStore?ItemCode=000030508&catalogId=10051&storeId=10051&langId=-1&prodlistCatId=1334028&parent_category_rn=1334028&ProdName=Chateau%20du%20Donjon%20La%20Pujade%20Minervois%202015&fromURL=/webapp/wcs/stores/servlet/CatalogSearchResultView?storeId=10051%26catalogId=10051%26langId=-1%26categoryId=1334028%26categoryType=%26top_category=%26parent_category_rn=%26sortBy=5%26searchSource=E%26pageView=%26beginIndex=795,,,,,
713,713,Louis Hauller Riesling Alsace 2016,https://www.finewineandgoodspirits.com/webapp/wcs/stores/servlet/ProductDisplay?catalogId=10051&storeId=10051&productId=1951908&langId=-1&partNumber=000030535prod&errorViewName=ProductDisplayErrorView&categoryId=1334028&top_category=1334028&parent_category_rn=1334028&urlLangId=&categoryType=Wines&fromURL=%2fwebapp%2fwcs%2fstores%2fservlet%2fCatalogSearchResultView%3fstoreId%3d10051%26catalogId%3d10051%26langId%3d-1%26categoryId%3d1334028%26categoryType%3d%26top_category%3d%26parent_category_rn%3d%26sortBy%3d5%26searchSource%3dE%26pageView%3d%26beginIndex%3d0,11.99,30535,None Available,https://www.finewineandgoodspirits.com/webapp/wcs/stores/servlet/ProductDetailInStore?ItemCode=000030535&catalogId=10051&storeId=10051&langId=-1&prodlistCatId=1334028&parent_category_rn=1334028&ProdName=Louis%20Hauller%20Riesling%20Alsace%202016&fromURL=/webapp/wcs/stores/servlet/CatalogSearchResultView?storeId=10051%26catalogId=10051%26langId=-1%26categoryId=1334028%26categoryType=%26top_category=%26parent_category_rn=%26sortBy=5%26searchSource=E%26pageView=%26beginIndex=0,,,,,
714,714,Louis Hauller Edelzwicker Alsace 2016,https://www.finewineandgoodspirits.com/webapp/wcs/stores/servlet/ProductDisplay?catalogId=10051&storeId=10051&productId=1952168&langId=-1&partNumber=000031056prod&errorViewName=ProductDisplayErrorView&categoryId=1334028&top_category=1334028&parent_category_rn=1334028&urlLangId=&categoryType=Wines&fromURL=%2fwebapp%2fwcs%2fstores%2fservlet%2fCatalogSearchResultView%3fstoreId%3d10051%26catalogId%3d10051%26langId%3d-1%26categoryId%3d1334028%26categoryType%3d%26top_category%3d%26parent_category_rn%3d%26sortBy%3d5%26searchSource%3dE%26pageView%3d%26beginIndex%3d810,11.19,31056,None Available,https://www.finewineandgoodspirits.com/webapp/wcs/stores/servlet/ProductDetailInStore?ItemCode=000031056&catalogId=10051&storeId=10051&langId=-1&prodlistCatId=1334028&parent_category_rn=1334028&ProdName=Louis%20Hauller%20Edelzwicker%20Alsace%202016&fromURL=/webapp/wcs/stores/servlet/CatalogSearchResultView?storeId=10051%26catalogId=10051%26langId=-1%26categoryId=1334028%26categoryType=%26top_category=%26parent_category_rn=%26sortBy=5%26searchSource=E%26pageView=%26beginIndex=810,6,1,,,
715,715,Talamonti Trebi Trebbiano d'Abruzzo 2016,https://www.finewineandgoodspirits.com/webapp/wcs/stores/servlet/ProductDisplay?catalogId=10051&storeId=10051&productId=1952170&langId=-1&partNumber=000031075prod&errorViewName=ProductDisplayErrorView&categoryId=1334028&top_category=1334028&parent_category_rn=1334028&urlLangId=&categoryType=Wines&fromURL=%2fwebapp%2fwcs%2fstores%2fservlet%2fCatalogSearchResultView%3fstoreId%3d10051%26catalogId%3d10051%26langId%3d-1%26categoryId%3d1334028%26categoryType%3d%26top_category%3d%26parent_category_rn%3d%26sortBy%3d5%26searchSource%3dE%26pageView%3d%26beginIndex%3d810,4.99,31075,None Available,https://www.finewineandgoodspirits.com/webapp/wcs/stores/servlet/ProductDetailInStore?ItemCode=000031075&catalogId=10051&storeId=10051&langId=-1&prodlistCatId=1334028&parent_category_rn=1334028&ProdName=Talamonti%20Trebi%20Trebbiano%20d%27Abruzzo%202016&fromURL=/webapp/wcs/stores/servlet/CatalogSearchResultView?storeId=10051%26catalogId=10051%26langId=-1%26categoryId=1334028%26categoryType=%26top_category=%26parent_category_rn=%26sortBy=5%26searchSource=E%26pageView=%26beginIndex=810,,,,,
716,716,Travis Chardonnay Santa Barbara 2015,https://www.finewineandgoodspirits.com/webapp/wcs/stores/servlet/ProductDisplay?catalogId=10051&storeId=10051&productId=1952180&langId=-1&partNumber=000031115prod&errorViewName=ProductDisplayErrorView&categoryId=1334028&top_category=1334028&parent_category_rn=1334028&urlLangId=&categoryType=Wines&fromURL=%2fwebapp%2fwcs%2fstores%2fservlet%2fCatalogSearchResultView%3fstoreId%3d10051%26catalogId%3d10051%26langId%3d-1%26categoryId%3d1334028%26categoryType%3d%26top_category%3d%26parent_category_rn%3d%26sortBy%3d5%26searchSource%3dE%26pageView%3d%26beginIndex%3d810,11.99,31115,None Available,https://www.finewineandgoodspirits.com/webapp/wcs/stores/servlet/ProductDetailInStore?ItemCode=000031115&catalogId=10051&storeId=10051&langId=-1&prodlistCatId=1334028&parent_category_rn=1334028&ProdName=Travis%20Chardonnay%20Santa%20Barbara%202015&fromURL=/webapp/wcs/stores/servlet/CatalogSearchResultView?storeId=10051%26catalogId=10051%26langId=-1%26categoryId=1334028%26categoryType=%26top_category=%26parent_category_rn=%26sortBy=5%26searchSource=E%26pageView=%26beginIndex=810,,,,,
717,717,Donelli Lambrusco Grasparossa di Castelvetro Non Vintage,https://www.finewineandgoodspirits.com/webapp/wcs/stores/servlet/ProductDisplay?catalogId=10051&storeId=10051&productId=1952188&langId=-1&partNumber=000031129prod&errorViewName=ProductDisplayErrorView&categoryId=1334028&top_category=1334028&parent_category_rn=1334028&urlLangId=&categoryType=Wines&fromURL=%2fwebapp%2fwcs%2fstores%2fservlet%2fCatalogSearchResultView%3fstoreId%3d10051%26catalogId%3d10051%26langId%3d-1%26categoryId%3d1334028%26categoryType%3d%26top_category%3d%26parent_category_rn%3d%26sortBy%3d5%26searchSource%3dE%26pageView%3d%26beginIndex%3d810,8.79,31129,None Available,https://www.finewineandgoodspirits.com/webapp/wcs/stores/servlet/ProductDetailInStore?ItemCode=000031129&catalogId=10051&storeId=10051&langId=-1&prodlistCatId=1334028&parent_category_rn=1334028&ProdName=Donelli%20Lambrusco%20Grasparossa%20di%20Castelvetro%20Non%20Vintage&fromURL=/webapp/wcs/stores/servlet/CatalogSearchResultView?storeId=10051%26catalogId=10051%26langId=-1%26categoryId=1334028%26categoryType=%26top_category=%26parent_category_rn=%26sortBy=5%26searchSource=E%26pageView=%26beginIndex=810,,,,,
718,718,Bianca Vigna Prosecco di Conegliano Valdobbiadene Brut Non Vintage,https://www.finewineandgoodspirits.com/webapp/wcs/stores/servlet/ProductDisplay?catalogId=10051&storeId=10051&productId=1952208&langId=-1&partNumber=000031184prod&errorViewName=ProductDisplayErrorView&categoryId=1334028&top_category=1334028&parent_category_rn=1334028&urlLangId=&categoryType=Wines&fromURL=%2fwebapp%2fwcs%2fstores%2fservlet%2fCatalogSearchResultView%3fstoreId%3d10051%26catalogId%3d10051%26langId%3d-1%26categoryId%3d1334028%26categoryType%3d%26top_category%3d%26parent_category_rn%3d%26sortBy%3d5%26searchSource%3dE%26pageView%3d%26beginIndex%3d810,12.79,31184,None Available,https://www.finewineandgoodspirits.com/webapp/wcs/stores/servlet/ProductDetailInStore?ItemCode=000031184&catalogId=10051&storeId=10051&langId=-1&prodlistCatId=1334028&parent_category_rn=1334028&ProdName=Bianca%20Vigna%20Prosecco%20di%20Conegliano%20Valdobbiadene%20Brut%20Non%20Vintage&fromURL=/webapp/wcs/stores/servlet/CatalogSearchResultView?storeId=10051%26catalogId=10051%26langId=-1%26categoryId=1334028%26categoryType=%26top_category=%26parent_category_rn=%26sortBy=5%26searchSource=E%26pageView=%26beginIndex=810,,,,,
719,719,Sauvion et Fils Vouvray 2015,https://www.finewineandgoodspirits.com/webapp/wcs/stores/servlet/ProductDisplay?catalogId=10051&storeId=10051&productId=1952212&langId=-1&partNumber=000031201prod&errorViewName=ProductDisplayErrorView&categoryId=1334028&top_category=1334028&parent_category_rn=1334028&urlLangId=&categoryType=Wines&fromURL=%2fwebapp%2fwcs%2fstores%2fservlet%2fCatalogSearchResultView%3fstoreId%3d10051%26catalogId%3d10051%26langId%3d-1%26categoryId%3d1334028%26categoryType%3d%26top_category%3d%26parent_category_rn%3d%26sortBy%3d5%26searchSource%3dE%26pageView%3d%26beginIndex%3d810,10.39,31201,None Available,https://www.finewineandgoodspirits.com/webapp/wcs/stores/servlet/ProductDetailInStore?ItemCode=000031201&catalogId=10051&storeId=10051&langId=-1&prodlistCatId=1334028&parent_category_rn=1334028&ProdName=Sauvion%20et%20Fils%20Vouvray%202015&fromURL=/webapp/wcs/stores/servlet/CatalogSearchResultView?storeId=10051%26catalogId=10051%26langId=-1%26categoryId=1334028%26categoryType=%26top_category=%26parent_category_rn=%26sortBy=5%26searchSource=E%26pageView=%26beginIndex=810,,,,,
720,720,Chatelain Desjacques Sauvignon Blanc Loire Valley 2015,https://www.finewineandgoodspirits.com/webapp/wcs/stores/servlet/ProductDisplay?catalogId=10051&storeId=10051&productId=1952236&langId=-1&partNumber=000031256prod&errorViewName=ProductDisplayErrorView&categoryId=1334028&top_category=1334028&parent_category_rn=1334028&urlLangId=&categoryType=Wines&fromURL=%2fwebapp%2fwcs%2fstores%2fservlet%2fCatalogSearchResultView%3fstoreId%3d10051%26catalogId%3d10051%26langId%3d-1%26categoryId%3d1334028%26categoryType%3d%26top_category%3d%26parent_category_rn%3d%26sortBy%3d5%26searchSource%3dE%26pageView%3d%26beginIndex%3d810,9.59,31256,None Available,https://www.finewineandgoodspirits.com/webapp/wcs/stores/servlet/ProductDetailInStore?ItemCode=000031256&catalogId=10051&storeId=10051&langId=-1&prodlistCatId=1334028&parent_category_rn=1334028&ProdName=Chatelain%20Desjacques%20Sauvignon%20Blanc%20Loire%20Valley%202015&fromURL=/webapp/wcs/stores/servlet/CatalogSearchResultView?storeId=10051%26catalogId=10051%26langId=-1%26categoryId=1334028%26categoryType=%26top_category=%26parent_category_rn=%26sortBy=5%26searchSource=E%26pageView=%26beginIndex=810,,,,,
721,721,Aime Boucher La Bien Aime Pinot Noir 2016,https://www.finewineandgoodspirits.com/webapp/wcs/stores/servlet/ProductDisplay?catalogId=10051&storeId=10051&productId=1952238&langId=-1&partNumber=000031263prod&errorViewName=ProductDisplayErrorView&categoryId=1334028&top_category=1334028&parent_category_rn=1334028&urlLangId=&categoryType=Wines&fromURL=%2fwebapp%2fwcs%2fstores%2fservlet%2fCatalogSearchResultView%3fstoreId%3d10051%26catalogId%3d10051%26langId%3d-1%26categoryId%3d1334028%26categoryType%3d%26top_category%3d%26parent_category_rn%3d%26sortBy%3d5%26searchSource%3dE%26pageView%3d%26beginIndex%3d810,10.39,31263,None Available,https://www.finewineandgoodspirits.com/webapp/wcs/stores/servlet/ProductDetailInStore?ItemCode=000031263&catalogId=10051&storeId=10051&langId=-1&prodlistCatId=1334028&parent_category_rn=1334028&ProdName=Aime%20Boucher%20La%20Bien%20Aime%20Pinot%20Noir%202016&fromURL=/webapp/wcs/stores/servlet/CatalogSearchResultView?storeId=10051%26catalogId=10051%26langId=-1%26categoryId=1334028%26categoryType=%26top_category=%26parent_category_rn=%26sortBy=5%26searchSource=E%26pageView=%26beginIndex=810,,,,,
722,722,Maison Rosier Cuvee 1531 Blanquette de Limoux NV,https://www.finewineandgoodspirits.com/webapp/wcs/stores/servlet/ProductDisplay?catalogId=10051&storeId=10051&productId=1952242&langId=-1&partNumber=000031274prod&errorViewName=ProductDisplayErrorView&categoryId=1334028&top_category=1334028&parent_category_rn=1334028&urlLangId=&categoryType=Wines&fromURL=%2fwebapp%2fwcs%2fstores%2fservlet%2fCatalogSearchResultView%3fstoreId%3d10051%26catalogId%3d10051%26langId%3d-1%26categoryId%3d1334028%26categoryType%3d%26top_category%3d%26parent_category_rn%3d%26sortBy%3d5%26searchSource%3dE%26pageView%3d%26beginIndex%3d810,11.19,31274,None Available,https://www.finewineandgoodspirits.com/webapp/wcs/stores/servlet/ProductDetailInStore?ItemCode=000031274&catalogId=10051&storeId=10051&langId=-1&prodlistCatId=1334028&parent_category_rn=1334028&ProdName=Maison%20Rosier%20Cuvee%201531%20Blanquette%20de%20Limoux%20NV&fromURL=/webapp/wcs/stores/servlet/CatalogSearchResultView?storeId=10051%26catalogId=10051%26langId=-1%26categoryId=1334028%26categoryType=%26top_category=%26parent_category_rn=%26sortBy=5%26searchSource=E%26pageView=%26beginIndex=810,,,,,
723,723,La Bastide Saint Dominique Cotes du Rhone Blanc 2016,https://www.finewineandgoodspirits.com/webapp/wcs/stores/servlet/ProductDisplay?catalogId=10051&storeId=10051&productId=1952296&langId=-1&partNumber=000031364prod&errorViewName=ProductDisplayErrorView&categoryId=1334028&top_category=1334028&parent_category_rn=1334028&urlLangId=&categoryType=Wines&fromURL=%2fwebapp%2fwcs%2fstores%2fservlet%2fCatalogSearchResultView%3fstoreId%3d10051%26catalogId%3d10051%26langId%3d-1%26categoryId%3d1334028%26categoryType%3d%26top_category%3d%26parent_category_rn%3d%26sortBy%3d5%26searchSource%3dE%26pageView%3d%26beginIndex%3d810,14.39,31364,None Available,https://www.finewineandgoodspirits.com/webapp/wcs/stores/servlet/ProductDetailInStore?ItemCode=000031364&catalogId=10051&storeId=10051&langId=-1&prodlistCatId=1334028&parent_category_rn=1334028&ProdName=La%20Bastide%20Saint%20Dominique%20Cotes%20du%20Rhone%20Blanc%202016&fromURL=/webapp/wcs/stores/servlet/CatalogSearchResultView?storeId=10051%26catalogId=10051%26langId=-1%26categoryId=1334028%26categoryType=%26top_category=%26parent_category_rn=%26sortBy=5%26searchSource=E%26pageView=%26beginIndex=810,,,,,
724,724,Broadside Wild Ferment Chardonnay Central Coast 2015,https://www.finewineandgoodspirits.com/webapp/wcs/stores/servlet/ProductDisplay?catalogId=10051&storeId=10051&productId=1952320&langId=-1&partNumber=000031396prod&errorViewName=ProductDisplayErrorView&categoryId=1334028&top_category=1334028&parent_category_rn=1334028&urlLangId=&categoryType=Wines&fromURL=%2fwebapp%2fwcs%2fstores%2fservlet%2fCatalogSearchResultView%3fstoreId%3d10051%26catalogId%3d10051%26langId%3d-1%26categoryId%3d1334028%26categoryType%3d%26top_category%3d%26parent_category_rn%3d%26sortBy%3d5%26searchSource%3dE%26pageView%3d%26beginIndex%3d810,14.39,31396,None Available,https://www.finewineandgoodspirits.com/webapp/wcs/stores/servlet/ProductDetailInStore?ItemCode=000031396&catalogId=10051&storeId=10051&langId=-1&prodlistCatId=1334028&parent_category_rn=1334028&ProdName=Broadside%20Wild%20Ferment%20Chardonnay%20Central%20Coast%202015&fromURL=/webapp/wcs/stores/servlet/CatalogSearchResultView?storeId=10051%26catalogId=10051%26langId=-1%26categoryId=1334028%26categoryType=%26top_category=%26parent_category_rn=%26sortBy=5%26searchSource=E%26pageView=%26beginIndex=810,,,,,
725,725,Girard Chardonnay Russian River Valley 2015,https://www.finewineandgoodspirits.com/webapp/wcs/stores/servlet/ProductDisplay?catalogId=10051&storeId=10051&productId=1952322&langId=-1&partNumber=000031397prod&errorViewName=ProductDisplayErrorView&categoryId=&top_category=&parent_category_rn=&urlLangId=&categoryType=Wines&fromURL=%2fwebapp%2fwcs%2fstores%2fservlet%2fCatalogSearchResultView%3fstoreId%3d10051%26catalogId%3d10051%26langId%3d-1%26sType%3dSimpleSearch%26resultCatEntryType%3d2%26showResultsPage%3dtrue%26pageSize%3d15%26sortBy%3d5%26searchSource%3dQ%26pageView%3d%26beginIndex%3d0%26searchTerm%3dRussian%2bRiver%2bValley%26SearchKeyWord%3d,18.39,31397,None Available,https://www.finewineandgoodspirits.com/webapp/wcs/stores/servlet/ProductDetailInStore?ItemCode=000031397&catalogId=10051&storeId=10051&langId=-1&prodlistCatId=&parent_category_rn=&ProdName=Girard%20Chardonnay%20Russian%20River%20Valley%202015&fromURL=/webapp/wcs/stores/servlet/CatalogSearchResultView?storeId=10051%26catalogId=10051%26langId=-1%26sType=SimpleSearch%26resultCatEntryType=2%26showResultsPage=true%26pageSize=15%26sortBy=5%26searchSource=Q%26pageView=%26beginIndex=0%26searchTerm=Russian+River+Valley%26SearchKeyWord=,,,,,
726,726,Fess Parker Chardonnay Santa Barbara County 2016,https://www.finewineandgoodspirits.com/webapp/wcs/stores/servlet/ProductDisplay?catalogId=10051&storeId=10051&productId=1952324&langId=-1&partNumber=000031398prod&errorViewName=ProductDisplayErrorView&categoryId=1334029&top_category=1334028&parent_category_rn=1334028&urlLangId=&categoryType=Wines&fromURL=%2fwebapp%2fwcs%2fstores%2fservlet%2fCatalogSearchResultView%3fstoreId%3d10051%26catalogId%3d10051%26langId%3d-1%26categoryId%3d1334029%26categoryType%3d%26top_category%3d%26parent_category_rn%3d%26sortBy%3d5%26searchSource%3dE%26pageView%3d%26beginIndex%3d0,15.99,31398,None Available,https://www.finewineandgoodspirits.com/webapp/wcs/stores/servlet/ProductDetailInStore?ItemCode=000031398&catalogId=10051&storeId=10051&langId=-1&prodlistCatId=1334029&parent_category_rn=1334028&ProdName=Fess%20Parker%20Chardonnay%20Santa%20Barbara%20County%202016&fromURL=/webapp/wcs/stores/servlet/CatalogSearchResultView?storeId=10051%26catalogId=10051%26langId=-1%26categoryId=1334029%26categoryType=%26top_category=%26parent_category_rn=%26sortBy=5%26searchSource=E%26pageView=%26beginIndex=0,,,,,
727,727,Casale Del Giglio Cesanese Lazio 2015,https://www.finewineandgoodspirits.com/webapp/wcs/stores/servlet/ProductDisplay?catalogId=10051&storeId=10051&productId=1952342&langId=-1&partNumber=000031432prod&errorViewName=ProductDisplayErrorView&categoryId=1334028&top_category=1334028&parent_category_rn=1334028&urlLangId=&categoryType=Wines&fromURL=%2fwebapp%2fwcs%2fstores%2fservlet%2fCatalogSearchResultView%3fstoreId%3d10051%26catalogId%3d10051%26langId%3d-1%26categoryId%3d1334028%26categoryType%3d%26top_category%3d%26parent_category_rn%3d%26sortBy%3d5%26searchSource%3dE%26pageView%3d%26beginIndex%3d810,15.99,31432,None Available,https://www.finewineandgoodspirits.com/webapp/wcs/stores/servlet/ProductDetailInStore?ItemCode=000031432&catalogId=10051&storeId=10051&langId=-1&prodlistCatId=1334028&parent_category_rn=1334028&ProdName=Casale%20Del%20Giglio%20Cesanese%20Lazio%202015&fromURL=/webapp/wcs/stores/servlet/CatalogSearchResultView?storeId=10051%26catalogId=10051%26langId=-1%26categoryId=1334028%26categoryType=%26top_category=%26parent_category_rn=%26sortBy=5%26searchSource=E%26pageView=%26beginIndex=810,,,,,
728,728,Domaine de Fontsainte Gris de Gris Rose Corbieres 2016,https://www.finewineandgoodspirits.com/webapp/wcs/stores/servlet/ProductDisplay?catalogId=10051&storeId=10051&productId=1952360&langId=-1&partNumber=000031466prod&errorViewName=ProductDisplayErrorView&categoryId=1334028&top_category=1334028&parent_category_rn=1334028&urlLangId=&categoryType=Wines&fromURL=%2fwebapp%2fwcs%2fstores%2fservlet%2fCatalogSearchResultView%3fstoreId%3d10051%26catalogId%3d10051%26langId%3d-1%26categoryId%3d1334028%26categoryType%3d%26top_category%3d%26parent_category_rn%3d%26sortBy%3d5%26searchSource%3dE%26pageView%3d%26beginIndex%3d810,7.49,31466,None Available,https://www.finewineandgoodspirits.com/webapp/wcs/stores/servlet/ProductDetailInStore?ItemCode=000031466&catalogId=10051&storeId=10051&langId=-1&prodlistCatId=1334028&parent_category_rn=1334028&ProdName=Domaine%20de%20Fontsainte%20Gris%20de%20Gris%20Rose%20Corbieres%202016&fromURL=/webapp/wcs/stores/servlet/CatalogSearchResultView?storeId=10051%26catalogId=10051%26langId=-1%26categoryId=1334028%26categoryType=%26top_category=%26parent_category_rn=%26sortBy=5%26searchSource=E%26pageView=%26beginIndex=810,,,,,
729,729,La Dorita Dulce De Leche Liqueur 34 Proof,https://www.finewineandgoodspirits.com/webapp/wcs/stores/servlet/ProductDisplay?catalogId=10051&storeId=10051&productId=1952448&langId=-1&partNumber=000031650prod&errorViewName=ProductDisplayErrorView&categoryId=1334030&top_category=1334028&parent_category_rn=1334028&urlLangId=&categoryType=Spirits&fromURL=%2fwebapp%2fwcs%2fstores%2fservlet%2fCatalogSearchResultView%3fstoreId%3d10051%26catalogId%3d10051%26langId%3d-1%26categoryId%3d1334030%26categoryType%3d%26top_category%3d%26parent_category_rn%3d%26sortBy%3d5%26searchSource%3dE%26pageView%3d%26beginIndex%3d135,11.99,31650,None Available,https://www.finewineandgoodspirits.com/webapp/wcs/stores/servlet/ProductDetailInStore?ItemCode=000031650&catalogId=10051&storeId=10051&langId=-1&prodlistCatId=1334030&parent_category_rn=1334028&ProdName=La%20Dorita%20Dulce%20De%20Leche%20Liqueur%2034%20Proof&fromURL=/webapp/wcs/stores/servlet/CatalogSearchResultView?storeId=10051%26catalogId=10051%26langId=-1%26categoryId=1334030%26categoryType=%26top_category=%26parent_category_rn=%26sortBy=5%26searchSource=E%26pageView=%26beginIndex=135,,,,,
730,730,Trevisiol Valdobiaddene Prosecco DOCG Non Vintage,https://www.finewineandgoodspirits.com/webapp/wcs/stores/servlet/ProductDisplay?catalogId=10051&storeId=10051&productId=1952474&langId=-1&partNumber=000031692prod&errorViewName=ProductDisplayErrorView&categoryId=1334028&top_category=1334028&parent_category_rn=1334028&urlLangId=&categoryType=Wines&fromURL=%2fwebapp%2fwcs%2fstores%2fservlet%2fCatalogSearchResultView%3fstoreId%3d10051%26catalogId%3d10051%26langId%3d-1%26categoryId%3d1334028%26categoryType%3d%26top_category%3d%26parent_category_rn%3d%26sortBy%3d5%26searchSource%3dE%26pageView%3d%26beginIndex%3d825,13.59,31692,None Available,https://www.finewineandgoodspirits.com/webapp/wcs/stores/servlet/ProductDetailInStore?ItemCode=000031692&catalogId=10051&storeId=10051&langId=-1&prodlistCatId=1334028&parent_category_rn=1334028&ProdName=Trevisiol%20Valdobiaddene%20Prosecco%20DOCG%20Non%20Vintage&fromURL=/webapp/wcs/stores/servlet/CatalogSearchResultView?storeId=10051%26catalogId=10051%26langId=-1%26categoryId=1334028%26categoryType=%26top_category=%26parent_category_rn=%26sortBy=5%26searchSource=E%26pageView=%26beginIndex=825,,,,,
731,731,Ippolito Calabrise Calabria 2016,https://www.finewineandgoodspirits.com/webapp/wcs/stores/servlet/ProductDisplay?catalogId=10051&storeId=10051&productId=1952520&langId=-1&partNumber=000031754prod&errorViewName=ProductDisplayErrorView&categoryId=1334028&top_category=1334028&parent_category_rn=1334028&urlLangId=&categoryType=Wines&fromURL=%2fwebapp%2fwcs%2fstores%2fservlet%2fCatalogSearchResultView%3fstoreId%3d10051%26catalogId%3d10051%26langId%3d-1%26categoryId%3d1334028%26categoryType%3d%26top_category%3d%26parent_category_rn%3d%26sortBy%3d5%26searchSource%3dE%26pageView%3d%26beginIndex%3d825,13.59,31754,None Available,https://www.finewineandgoodspirits.com/webapp/wcs/stores/servlet/ProductDetailInStore?ItemCode=000031754&catalogId=10051&storeId=10051&langId=-1&prodlistCatId=1334028&parent_category_rn=1334028&ProdName=Ippolito%20Calabrise%20Calabria%202016&fromURL=/webapp/wcs/stores/servlet/CatalogSearchResultView?storeId=10051%26catalogId=10051%26langId=-1%26categoryId=1334028%26categoryType=%26top_category=%26parent_category_rn=%26sortBy=5%26searchSource=E%26pageView=%26beginIndex=825,,,,,
732,732,Anne Gros Jean Paul Tollot Les Fontanilles Minervois 2013,https://www.finewineandgoodspirits.com/webapp/wcs/stores/servlet/ProductDisplay?catalogId=10051&storeId=10051&productId=1952540&langId=-1&partNumber=000031782prod&errorViewName=ProductDisplayErrorView&categoryId=1334028&top_category=1334028&parent_category_rn=1334028&urlLangId=&categoryType=Wines&fromURL=%2fwebapp%2fwcs%2fstores%2fservlet%2fCatalogSearchResultView%3fstoreId%3d10051%26catalogId%3d10051%26langId%3d-1%26categoryId%3d1334028%26categoryType%3d%26top_category%3d%26parent_category_rn%3d%26sortBy%3d5%26searchSource%3dE%26pageView%3d%26beginIndex%3d825,23.19,31782,None Available,https://www.finewineandgoodspirits.com/webapp/wcs/stores/servlet/ProductDetailInStore?ItemCode=000031782&catalogId=10051&storeId=10051&langId=-1&prodlistCatId=1334028&parent_category_rn=1334028&ProdName=Anne%20Gros%20Jean%20Paul%20Tollot%20Les%20Fontanilles%20Minervois%202013&fromURL=/webapp/wcs/stores/servlet/CatalogSearchResultView?storeId=10051%26catalogId=10051%26langId=-1%26categoryId=1334028%26categoryType=%26top_category=%26parent_category_rn=%26sortBy=5%26searchSource=E%26pageView=%26beginIndex=825,,,,,
733,733,Vignamaggio Terre di Prenzano Chianti Classico 2015,https://www.finewineandgoodspirits.com/webapp/wcs/stores/servlet/ProductDisplay?catalogId=10051&storeId=10051&productId=1952548&langId=-1&partNumber=000031786prod&errorViewName=ProductDisplayErrorView&categoryId=1334028&top_category=1334028&parent_category_rn=1334028&urlLangId=&categoryType=Wines&fromURL=%2fwebapp%2fwcs%2fstores%2fservlet%2fCatalogSearchResultView%3fstoreId%3d10051%26catalogId%3d10051%26langId%3d-1%26categoryId%3d1334028%26categoryType%3d%26top_category%3d%26parent_category_rn%3d%26sortBy%3d5%26searchSource%3dE%26pageView%3d%26beginIndex%3d825,13.59,31786,None Available,https://www.finewineandgoodspirits.com/webapp/wcs/stores/servlet/ProductDetailInStore?ItemCode=000031786&catalogId=10051&storeId=10051&langId=-1&prodlistCatId=1334028&parent_category_rn=1334028&ProdName=Vignamaggio%20Terre%20di%20Prenzano%20Chianti%20Classico%202015&fromURL=/webapp/wcs/stores/servlet/CatalogSearchResultView?storeId=10051%26catalogId=10051%26langId=-1%26categoryId=1334028%26categoryType=%26top_category=%26parent_category_rn=%26sortBy=5%26searchSource=E%26pageView=%26beginIndex=825,,,,,
734,734,Koval Coffee Liqueur Chicago 40 Proof,https://www.finewineandgoodspirits.com/webapp/wcs/stores/servlet/ProductDisplay?catalogId=10051&storeId=10051&productId=1952604&langId=-1&partNumber=000031848prod&errorViewName=ProductDisplayErrorView&categoryId=1334028&top_category=1334028&parent_category_rn=1334028&urlLangId=&categoryType=Spirits&fromURL=%2fwebapp%2fwcs%2fstores%2fservlet%2fCatalogSearchResultView%3fstoreId%3d10051%26catalogId%3d10051%26langId%3d-1%26categoryId%3d1334028%26categoryType%3d%26top_category%3d%26parent_category_rn%3d%26sortBy%3d5%26searchSource%3dE%26pageView%3d%26beginIndex%3d825,15.24,31848,None Available,https://www.finewineandgoodspirits.com/webapp/wcs/stores/servlet/ProductDetailInStore?ItemCode=000031848&catalogId=10051&storeId=10051&langId=-1&prodlistCatId=1334028&parent_category_rn=1334028&ProdName=Koval%20Coffee%20Liqueur%20Chicago%2040%20Proof&fromURL=/webapp/wcs/stores/servlet/CatalogSearchResultView?storeId=10051%26catalogId=10051%26langId=-1%26categoryId=1334028%26categoryType=%26top_category=%26parent_category_rn=%26sortBy=5%26searchSource=E%26pageView=%26beginIndex=825,,,,,
735,735,Argiolas Costera Cannonau di Sardegna 2014,https://www.finewineandgoodspirits.com/webapp/wcs/stores/servlet/ProductDisplay?catalogId=10051&storeId=10051&productId=1952612&langId=-1&partNumber=000031860prod&errorViewName=ProductDisplayErrorView&categoryId=1334028&top_category=1334028&parent_category_rn=1334028&urlLangId=&categoryType=Wines&fromURL=%2fwebapp%2fwcs%2fstores%2fservlet%2fCatalogSearchResultView%3fstoreId%3d10051%26catalogId%3d10051%26langId%3d-1%26categoryId%3d1334028%26categoryType%3d%26top_category%3d%26parent_category_rn%3d%26sortBy%3d5%26searchSource%3dE%26pageView%3d%26beginIndex%3d825,10.39,31860,None Available,https://www.finewineandgoodspirits.com/webapp/wcs/stores/servlet/ProductDetailInStore?ItemCode=000031860&catalogId=10051&storeId=10051&langId=-1&prodlistCatId=1334028&parent_category_rn=1334028&ProdName=Argiolas%20Costera%20Cannonau%20di%20Sardegna%202014&fromURL=/webapp/wcs/stores/servlet/CatalogSearchResultView?storeId=10051%26catalogId=10051%26langId=-1%26categoryId=1334028%26categoryType=%26top_category=%26parent_category_rn=%26sortBy=5%26searchSource=E%26pageView=%26beginIndex=825,,,,,
736,736,Bitch Vodka 80 Proof,https://www.finewineandgoodspirits.com/webapp/wcs/stores/servlet/ProductDisplay?catalogId=10051&storeId=10051&productId=1952614&langId=-1&partNumber=000031861prod&errorViewName=ProductDisplayErrorView&categoryId=1334028&top_category=1334028&parent_category_rn=1334028&urlLangId=&categoryType=Spirits&fromURL=%2fwebapp%2fwcs%2fstores%2fservlet%2fCatalogSearchResultView%3fstoreId%3d10051%26catalogId%3d10051%26langId%3d-1%26categoryId%3d1334028%26categoryType%3d%26top_category%3d%26parent_category_rn%3d%26sortBy%3d5%26searchSource%3dE%26pageView%3d%26beginIndex%3d825,10.99,31861,None Available,https://www.finewineandgoodspirits.com/webapp/wcs/stores/servlet/ProductDetailInStore?ItemCode=000031861&catalogId=10051&storeId=10051&langId=-1&prodlistCatId=1334028&parent_category_rn=1334028&ProdName=Bitch%20Vodka%2080%20Proof&fromURL=/webapp/wcs/stores/servlet/CatalogSearchResultView?storeId=10051%26catalogId=10051%26langId=-1%26categoryId=1334028%26categoryType=%26top_category=%26parent_category_rn=%26sortBy=5%26searchSource=E%26pageView=%26beginIndex=825,,,,,
737,737,Castello di Bossi Chianti Classico DOCG 2013,https://www.finewineandgoodspirits.com/webapp/wcs/stores/servlet/ProductDisplay?catalogId=10051&storeId=10051&productId=1952616&langId=-1&partNumber=000031866prod&errorViewName=ProductDisplayErrorView&categoryId=1334028&top_category=1334028&parent_category_rn=1334028&urlLangId=&categoryType=Wines&fromURL=%2fwebapp%2fwcs%2fstores%2fservlet%2fCatalogSearchResultView%3fstoreId%3d10051%26catalogId%3d10051%26langId%3d-1%26categoryId%3d1334028%26categoryType%3d%26top_category%3d%26parent_category_rn%3d%26sortBy%3d5%26searchSource%3dE%26pageView%3d%26beginIndex%3d825,15.99,31866,None Available,https://www.finewineandgoodspirits.com/webapp/wcs/stores/servlet/ProductDetailInStore?ItemCode=000031866&catalogId=10051&storeId=10051&langId=-1&prodlistCatId=1334028&parent_category_rn=1334028&ProdName=Castello%20di%20Bossi%20Chianti%20Classico%20DOCG%202013&fromURL=/webapp/wcs/stores/servlet/CatalogSearchResultView?storeId=10051%26catalogId=10051%26langId=-1%26categoryId=1334028%26categoryType=%26top_category=%26parent_category_rn=%26sortBy=5%26searchSource=E%26pageView=%26beginIndex=825,,,,,
738,738,Librandi Ciro Rosso Classico 2015,https://www.finewineandgoodspirits.com/webapp/wcs/stores/servlet/ProductDisplay?catalogId=10051&storeId=10051&productId=1952618&langId=-1&partNumber=000031875prod&errorViewName=ProductDisplayErrorView&categoryId=1334028&top_category=1334028&parent_category_rn=1334028&urlLangId=&categoryType=Wines&fromURL=%2fwebapp%2fwcs%2fstores%2fservlet%2fCatalogSearchResultView%3fstoreId%3d10051%26catalogId%3d10051%26langId%3d-1%26categoryId%3d1334028%26categoryType%3d%26top_category%3d%26parent_category_rn%3d%26sortBy%3d5%26searchSource%3dE%26pageView%3d%26beginIndex%3d825,8.79,31875,None Available,https://www.finewineandgoodspirits.com/webapp/wcs/stores/servlet/ProductDetailInStore?ItemCode=000031875&catalogId=10051&storeId=10051&langId=-1&prodlistCatId=1334028&parent_category_rn=1334028&ProdName=Librandi%20Ciro%20Rosso%20Classico%202015&fromURL=/webapp/wcs/stores/servlet/CatalogSearchResultView?storeId=10051%26catalogId=10051%26langId=-1%26categoryId=1334028%26categoryType=%26top_category=%26parent_category_rn=%26sortBy=5%26searchSource=E%26pageView=%26beginIndex=825,,,,,
739,739,Mastroberardino Mastro Aglianico Campania 2015,https://www.finewineandgoodspirits.com/webapp/wcs/stores/servlet/ProductDisplay?catalogId=10051&storeId=10051&productId=1952620&langId=-1&partNumber=000031877prod&errorViewName=ProductDisplayErrorView&categoryId=1334028&top_category=1334028&parent_category_rn=1334028&urlLangId=&categoryType=Wines&fromURL=%2fwebapp%2fwcs%2fstores%2fservlet%2fCatalogSearchResultView%3fstoreId%3d10051%26catalogId%3d10051%26langId%3d-1%26categoryId%3d1334028%26categoryType%3d%26top_category%3d%26parent_category_rn%3d%26sortBy%3d5%26searchSource%3dE%26pageView%3d%26beginIndex%3d825,10.39,31877,None Available,https://www.finewineandgoodspirits.com/webapp/wcs/stores/servlet/ProductDetailInStore?ItemCode=000031877&catalogId=10051&storeId=10051&langId=-1&prodlistCatId=1334028&parent_category_rn=1334028&ProdName=Mastroberardino%20Mastro%20Aglianico%20Campania%202015&fromURL=/webapp/wcs/stores/servlet/CatalogSearchResultView?storeId=10051%26catalogId=10051%26langId=-1%26categoryId=1334028%26categoryType=%26top_category=%26parent_category_rn=%26sortBy=5%26searchSource=E%26pageView=%26beginIndex=825,,,,,
740,740,Umani Ronchi Castelli di Jesi Verdicchio Bianchi DOC Classico 2015,https://www.finewineandgoodspirits.com/webapp/wcs/stores/servlet/ProductDisplay?catalogId=10051&storeId=10051&productId=1952642&langId=-1&partNumber=000031911prod&errorViewName=ProductDisplayErrorView&categoryId=1334028&top_category=1334028&parent_category_rn=1334028&urlLangId=&categoryType=Wines&fromURL=%2fwebapp%2fwcs%2fstores%2fservlet%2fCatalogSearchResultView%3fstoreId%3d10051%26catalogId%3d10051%26langId%3d-1%26categoryId%3d1334028%26categoryType%3d%26top_category%3d%26parent_category_rn%3d%26sortBy%3d5%26searchSource%3dE%26pageView%3d%26beginIndex%3d825,9.59,31911,None Available,https://www.finewineandgoodspirits.com/webapp/wcs/stores/servlet/ProductDetailInStore?ItemCode=000031911&catalogId=10051&storeId=10051&langId=-1&prodlistCatId=1334028&parent_category_rn=1334028&ProdName=Umani%20Ronchi%20Castelli%20di%20Jesi%20Verdicchio%20Bianchi%20DOC%20Classico%202015&fromURL=/webapp/wcs/stores/servlet/CatalogSearchResultView?storeId=10051%26catalogId=10051%26langId=-1%26categoryId=1334028%26categoryType=%26top_category=%26parent_category_rn=%26sortBy=5%26searchSource=E%26pageView=%26beginIndex=825,,,,,
741,741,Collavini Il Grigio Spumante Non Vintage,https://www.finewineandgoodspirits.com/webapp/wcs/stores/servlet/ProductDisplay?catalogId=10051&storeId=10051&productId=1952658&langId=-1&partNumber=000031926prod&errorViewName=ProductDisplayErrorView&categoryId=1334028&top_category=1334028&parent_category_rn=1334028&urlLangId=&categoryType=Wines&fromURL=%2fwebapp%2fwcs%2fstores%2fservlet%2fCatalogSearchResultView%3fstoreId%3d10051%26catalogId%3d10051%26langId%3d-1%26categoryId%3d1334028%26categoryType%3d%26top_category%3d%26parent_category_rn%3d%26sortBy%3d5%26searchSource%3dE%26pageView%3d%26beginIndex%3d825,11.99,31926,None Available,https://www.finewineandgoodspirits.com/webapp/wcs/stores/servlet/ProductDetailInStore?ItemCode=000031926&catalogId=10051&storeId=10051&langId=-1&prodlistCatId=1334028&parent_category_rn=1334028&ProdName=Collavini%20Il%20Grigio%20Spumante%20Non%20Vintage&fromURL=/webapp/wcs/stores/servlet/CatalogSearchResultView?storeId=10051%26catalogId=10051%26langId=-1%26categoryId=1334028%26categoryType=%26top_category=%26parent_category_rn=%26sortBy=5%26searchSource=E%26pageView=%26beginIndex=825,,,,,
742,742,Hermann Moser Rosi Mosi Niederosterreich 2012,https://www.finewineandgoodspirits.com/webapp/wcs/stores/servlet/ProductDisplay?catalogId=10051&storeId=10051&productId=1952664&langId=-1&partNumber=000031931prod&errorViewName=ProductDisplayErrorView&categoryId=1334028&top_category=1334028&parent_category_rn=1334028&urlLangId=&categoryType=Wines&fromURL=%2fwebapp%2fwcs%2fstores%2fservlet%2fCatalogSearchResultView%3fstoreId%3d10051%26catalogId%3d10051%26langId%3d-1%26categoryId%3d1334028%26categoryType%3d%26top_category%3d%26parent_category_rn%3d%26sortBy%3d5%26searchSource%3dE%26pageView%3d%26beginIndex%3d840,6.99,31931,None Available,https://www.finewineandgoodspirits.com/webapp/wcs/stores/servlet/ProductDetailInStore?ItemCode=000031931&catalogId=10051&storeId=10051&langId=-1&prodlistCatId=1334028&parent_category_rn=1334028&ProdName=Hermann%20Moser%20Rosi%20Mosi%20Niederosterreich%202012&fromURL=/webapp/wcs/stores/servlet/CatalogSearchResultView?storeId=10051%26catalogId=10051%26langId=-1%26categoryId=1334028%26categoryType=%26top_category=%26parent_category_rn=%26sortBy=5%26searchSource=E%26pageView=%26beginIndex=840,,,,,
743,743,Chateau Bellevue Bordeaux 2014,https://www.finewineandgoodspirits.com/webapp/wcs/stores/servlet/ProductDisplay?catalogId=10051&storeId=10051&productId=1952674&langId=-1&partNumber=000031943prod&errorViewName=ProductDisplayErrorView&categoryId=1334028&top_category=1334028&parent_category_rn=1334028&urlLangId=&categoryType=Wines&fromURL=%2fwebapp%2fwcs%2fstores%2fservlet%2fCatalogSearchResultView%3fstoreId%3d10051%26catalogId%3d10051%26langId%3d-1%26categoryId%3d1334028%26categoryType%3d%26top_category%3d%26parent_category_rn%3d%26sortBy%3d5%26searchSource%3dE%26pageView%3d%26beginIndex%3d840,10.39,31943,None Available,https://www.finewineandgoodspirits.com/webapp/wcs/stores/servlet/ProductDetailInStore?ItemCode=000031943&catalogId=10051&storeId=10051&langId=-1&prodlistCatId=1334028&parent_category_rn=1334028&ProdName=Chateau%20Bellevue%20Bordeaux%202014&fromURL=/webapp/wcs/stores/servlet/CatalogSearchResultView?storeId=10051%26catalogId=10051%26langId=-1%26categoryId=1334028%26categoryType=%26top_category=%26parent_category_rn=%26sortBy=5%26searchSource=E%26pageView=%26beginIndex=840,,,,,
744,744,Kermit Lynch Vaucluse Blanc Vin de pays d'Oc 2016,https://www.finewineandgoodspirits.com/webapp/wcs/stores/servlet/ProductDisplay?catalogId=10051&storeId=10051&productId=1952716&langId=-1&partNumber=000031990prod&errorViewName=ProductDisplayErrorView&categoryId=1334028&top_category=1334028&parent_category_rn=1334028&urlLangId=&categoryType=Wines&fromURL=%2fwebapp%2fwcs%2fstores%2fservlet%2fCatalogSearchResultView%3fstoreId%3d10051%26catalogId%3d10051%26langId%3d-1%26categoryId%3d1334028%26categoryType%3d%26top_category%3d%26parent_category_rn%3d%26sortBy%3d5%26searchSource%3dE%26pageView%3d%26beginIndex%3d840,9.59,31990,None Available,https://www.finewineandgoodspirits.com/webapp/wcs/stores/servlet/ProductDetailInStore?ItemCode=000031990&catalogId=10051&storeId=10051&langId=-1&prodlistCatId=1334028&parent_category_rn=1334028&ProdName=Kermit%20Lynch%20Vaucluse%20Blanc%20Vin%20de%20pays%20d%27Oc%202016&fromURL=/webapp/wcs/stores/servlet/CatalogSearchResultView?storeId=10051%26catalogId=10051%26langId=-1%26categoryId=1334028%26categoryType=%26top_category=%26parent_category_rn=%26sortBy=5%26searchSource=E%26pageView=%26beginIndex=840,,,,,
745,745,Hermann Moser Sauvignon Blanc Kremstal Beerenauslese 2008,https://www.finewineandgoodspirits.com/webapp/wcs/stores/servlet/ProductDisplay?catalogId=10051&storeId=10051&productId=1952720&langId=-1&partNumber=000031998prod&errorViewName=ProductDisplayErrorView&categoryId=1334028&top_category=1334028&parent_category_rn=1334028&urlLangId=&categoryType=Wines&fromURL=%2fwebapp%2fwcs%2fstores%2fservlet%2fCatalogSearchResultView%3fstoreId%3d10051%26catalogId%3d10051%26langId%3d-1%26categoryId%3d1334028%26categoryType%3d%26top_category%3d%26parent_category_rn%3d%26sortBy%3d5%26searchSource%3dE%26pageView%3d%26beginIndex%3d840,8.49,31998,None Available,https://www.finewineandgoodspirits.com/webapp/wcs/stores/servlet/ProductDetailInStore?ItemCode=000031998&catalogId=10051&storeId=10051&langId=-1&prodlistCatId=1334028&parent_category_rn=1334028&ProdName=Hermann%20Moser%20Sauvignon%20Blanc%20Kremstal%20Beerenauslese%202008&fromURL=/webapp/wcs/stores/servlet/CatalogSearchResultView?storeId=10051%26catalogId=10051%26langId=-1%26categoryId=1334028%26categoryType=%26top_category=%26parent_category_rn=%26sortBy=5%26searchSource=E%26pageView=%26beginIndex=840,,,,,
746,746,Elk Cove Riesling Willamette Valley Estate 2015,https://www.finewineandgoodspirits.com/webapp/wcs/stores/servlet/ProductDisplay?catalogId=10051&storeId=10051&productId=1952726&langId=-1&partNumber=000032010prod&errorViewName=ProductDisplayErrorView&categoryId=&top_category=&parent_category_rn=&urlLangId=&categoryType=Wines&fromURL=%2fwebapp%2fwcs%2fstores%2fservlet%2fCatalogSearchResultView%3fstoreId%3d10051%26catalogId%3d10051%26langId%3d-1%26sType%3dSimpleSearch%26resultCatEntryType%3d2%26showResultsPage%3dtrue%26pageSize%3d15%26sortBy%3d5%26searchSource%3dQ%26pageView%3d%26beginIndex%3d0%26searchTerm%3dRiesling%26SearchKeyWord%3d,15.19,32010,None Available,https://www.finewineandgoodspirits.com/webapp/wcs/stores/servlet/ProductDetailInStore?ItemCode=000032010&catalogId=10051&storeId=10051&langId=-1&prodlistCatId=&parent_category_rn=&ProdName=Elk%20Cove%20Riesling%20Willamette%20Valley%20Estate%202015&fromURL=/webapp/wcs/stores/servlet/CatalogSearchResultView?storeId=10051%26catalogId=10051%26langId=-1%26sType=SimpleSearch%26resultCatEntryType=2%26showResultsPage=true%26pageSize=15%26sortBy=5%26searchSource=Q%26pageView=%26beginIndex=0%26searchTerm=Riesling%26SearchKeyWord=,,,,,
747,747,Fish House Sauvignon Blanc 2015,https://www.finewineandgoodspirits.com/webapp/wcs/stores/servlet/ProductDisplay?catalogId=10051&storeId=10051&productId=1952730&langId=-1&partNumber=000032030prod&errorViewName=ProductDisplayErrorView&categoryId=1334028&top_category=1334028&parent_category_rn=1334028&urlLangId=&categoryType=Wines&fromURL=%2fwebapp%2fwcs%2fstores%2fservlet%2fCatalogSearchResultView%3fstoreId%3d10051%26catalogId%3d10051%26langId%3d-1%26categoryId%3d1334028%26categoryType%3d%26top_category%3d%26parent_category_rn%3d%26sortBy%3d5%26searchSource%3dE%26pageView%3d%26beginIndex%3d840,6.49,32030,None Available,https://www.finewineandgoodspirits.com/webapp/wcs/stores/servlet/ProductDetailInStore?ItemCode=000032030&catalogId=10051&storeId=10051&langId=-1&prodlistCatId=1334028&parent_category_rn=1334028&ProdName=Fish%20House%20Sauvignon%20Blanc%202015&fromURL=/webapp/wcs/stores/servlet/CatalogSearchResultView?storeId=10051%26catalogId=10051%26langId=-1%26categoryId=1334028%26categoryType=%26top_category=%26parent_category_rn=%26sortBy=5%26searchSource=E%26pageView=%26beginIndex=840,,,,,
748,748,Bonny Doon Vineyard le Cigare Blanc Arroyo Seco 2013,https://www.finewineandgoodspirits.com/webapp/wcs/stores/servlet/ProductDisplay?catalogId=10051&storeId=10051&productId=1952750&langId=-1&partNumber=000032082prod&errorViewName=ProductDisplayErrorView&categoryId=1334028&top_category=1334028&parent_category_rn=1334028&urlLangId=&categoryType=Wines&fromURL=%2fwebapp%2fwcs%2fstores%2fservlet%2fCatalogSearchResultView%3fstoreId%3d10051%26catalogId%3d10051%26langId%3d-1%26categoryId%3d1334028%26categoryType%3d%26top_category%3d%26parent_category_rn%3d%26sortBy%3d5%26searchSource%3dE%26pageView%3d%26beginIndex%3d840,9.99,32082,None Available,https://www.finewineandgoodspirits.com/webapp/wcs/stores/servlet/ProductDetailInStore?ItemCode=000032082&catalogId=10051&storeId=10051&langId=-1&prodlistCatId=1334028&parent_category_rn=1334028&ProdName=Bonny%20Doon%20Vineyard%20le%20Cigare%20Blanc%20Arroyo%20Seco%202013&fromURL=/webapp/wcs/stores/servlet/CatalogSearchResultView?storeId=10051%26catalogId=10051%26langId=-1%26categoryId=1334028%26categoryType=%26top_category=%26parent_category_rn=%26sortBy=5%26searchSource=E%26pageView=%26beginIndex=840,,,,,
749,749,Aquinas Cabernet Sauvignon Lake County 2014,https://www.finewineandgoodspirits.com/webapp/wcs/stores/servlet/ProductDisplay?catalogId=10051&storeId=10051&productId=1952756&langId=-1&partNumber=000032131prod&errorViewName=ProductDisplayErrorView&categoryId=1334028&top_category=1334028&parent_category_rn=1334028&urlLangId=&categoryType=Wines&fromURL=%2fwebapp%2fwcs%2fstores%2fservlet%2fCatalogSearchResultView%3fstoreId%3d10051%26catalogId%3d10051%26langId%3d-1%26categoryId%3d1334028%26categoryType%3d%26top_category%3d%26parent_category_rn%3d%26sortBy%3d5%26searchSource%3dE%26pageView%3d%26beginIndex%3d840,14.39,32131,None Available,https://www.finewineandgoodspirits.com/webapp/wcs/stores/servlet/ProductDetailInStore?ItemCode=000032131&catalogId=10051&storeId=10051&langId=-1&prodlistCatId=1334028&parent_category_rn=1334028&ProdName=Aquinas%20Cabernet%20Sauvignon%20Lake%20County%202014&fromURL=/webapp/wcs/stores/servlet/CatalogSearchResultView?storeId=10051%26catalogId=10051%26langId=-1%26categoryId=1334028%26categoryType=%26top_category=%26parent_category_rn=%26sortBy=5%26searchSource=E%26pageView=%26beginIndex=840,,,,,
750,750,Bliss Family Vineyards Chardonnay Mendocino Estate 2014,https://www.finewineandgoodspirits.com/webapp/wcs/stores/servlet/ProductDisplay?catalogId=10051&storeId=10051&productId=1952760&langId=-1&partNumber=000032138prod&errorViewName=ProductDisplayErrorView&categoryId=1334028&top_category=1334028&parent_category_rn=1334028&urlLangId=&categoryType=Wines&fromURL=%2fwebapp%2fwcs%2fstores%2fservlet%2fCatalogSearchResultView%3fstoreId%3d10051%26catalogId%3d10051%26langId%3d-1%26categoryId%3d1334028%26categoryType%3d%26top_category%3d%26parent_category_rn%3d%26sortBy%3d5%26searchSource%3dE%26pageView%3d%26beginIndex%3d45,10.39,32138,None Available,https://www.finewineandgoodspirits.com/webapp/wcs/stores/servlet/ProductDetailInStore?ItemCode=000032138&catalogId=10051&storeId=10051&langId=-1&prodlistCatId=1334028&parent_category_rn=1334028&ProdName=Bliss%20Family%20Vineyards%20Chardonnay%20Mendocino%20Estate%202014&fromURL=/webapp/wcs/stores/servlet/CatalogSearchResultView?storeId=10051%26catalogId=10051%26langId=-1%26categoryId=1334028%26categoryType=%26top_category=%26parent_category_rn=%26sortBy=5%26searchSource=E%26pageView=%26beginIndex=45,,,,,
751,751,Angeline Sauvignon Blanc Sonoma County Reserve 2015,https://www.finewineandgoodspirits.com/webapp/wcs/stores/servlet/ProductDisplay?catalogId=10051&storeId=10051&productId=1952772&langId=-1&partNumber=000032146prod&errorViewName=ProductDisplayErrorView&categoryId=1334028&top_category=1334028&parent_category_rn=1334028&urlLangId=&categoryType=Wines&fromURL=%2fwebapp%2fwcs%2fstores%2fservlet%2fCatalogSearchResultView%3fstoreId%3d10051%26catalogId%3d10051%26langId%3d-1%26categoryId%3d1334028%26categoryType%3d%26top_category%3d%26parent_category_rn%3d%26sortBy%3d5%26searchSource%3dE%26pageView%3d%26beginIndex%3d840,11.99,32146,None Available,https://www.finewineandgoodspirits.com/webapp/wcs/stores/servlet/ProductDetailInStore?ItemCode=000032146&catalogId=10051&storeId=10051&langId=-1&prodlistCatId=1334028&parent_category_rn=1334028&ProdName=Angeline%20Sauvignon%20Blanc%20Sonoma%20County%20Reserve%202015&fromURL=/webapp/wcs/stores/servlet/CatalogSearchResultView?storeId=10051%26catalogId=10051%26langId=-1%26categoryId=1334028%26categoryType=%26top_category=%26parent_category_rn=%26sortBy=5%26searchSource=E%26pageView=%26beginIndex=840,,,,,
752,752,Hall Sauvignon Blanc Napa Valley 2015,https://www.finewineandgoodspirits.com/webapp/wcs/stores/servlet/ProductDisplay?catalogId=10051&storeId=10051&productId=1952778&langId=-1&partNumber=000032149prod&errorViewName=ProductDisplayErrorView&categoryId=1334028&top_category=1334028&parent_category_rn=1334028&urlLangId=&categoryType=Wines&fromURL=%2fwebapp%2fwcs%2fstores%2fservlet%2fCatalogSearchResultView%3fstoreId%3d10051%26catalogId%3d10051%26langId%3d-1%26categoryId%3d1334028%26categoryType%3d%26top_category%3d%26parent_category_rn%3d%26sortBy%3d5%26searchSource%3dE%26pageView%3d%26beginIndex%3d840,19.99,32149,None Available,https://www.finewineandgoodspirits.com/webapp/wcs/stores/servlet/ProductDetailInStore?ItemCode=000032149&catalogId=10051&storeId=10051&langId=-1&prodlistCatId=1334028&parent_category_rn=1334028&ProdName=Hall%20Sauvignon%20Blanc%20Napa%20Valley%202015&fromURL=/webapp/wcs/stores/servlet/CatalogSearchResultView?storeId=10051%26catalogId=10051%26langId=-1%26categoryId=1334028%26categoryType=%26top_category=%26parent_category_rn=%26sortBy=5%26searchSource=E%26pageView=%26beginIndex=840,,,,,
753,753,Gloria Ferrer Blanc de Blanc Carneros Non Vintage,https://www.finewineandgoodspirits.com/webapp/wcs/stores/servlet/ProductDisplay?catalogId=10051&storeId=10051&productId=1952784&langId=-1&partNumber=000032165prod&errorViewName=ProductDisplayErrorView&categoryId=1334028&top_category=1334028&parent_category_rn=1334028&urlLangId=&categoryType=Wines&fromURL=%2fwebapp%2fwcs%2fstores%2fservlet%2fCatalogSearchResultView%3fstoreId%3d10051%26catalogId%3d10051%26langId%3d-1%26categoryId%3d1334028%26categoryType%3d%26top_category%3d%26parent_category_rn%3d%26sortBy%3d5%26searchSource%3dE%26pageView%3d%26beginIndex%3d840,18.39,32165,None Available,https://www.finewineandgoodspirits.com/webapp/wcs/stores/servlet/ProductDetailInStore?ItemCode=000032165&catalogId=10051&storeId=10051&langId=-1&prodlistCatId=1334028&parent_category_rn=1334028&ProdName=Gloria%20Ferrer%20Blanc%20de%20Blanc%20Carneros%20Non%20Vintage&fromURL=/webapp/wcs/stores/servlet/CatalogSearchResultView?storeId=10051%26catalogId=10051%26langId=-1%26categoryId=1334028%26categoryType=%26top_category=%26parent_category_rn=%26sortBy=5%26searchSource=E%26pageView=%26beginIndex=840,,,,,
754,754,Arrowood Chardonnay Sonoma County 2014,https://www.finewineandgoodspirits.com/webapp/wcs/stores/servlet/ProductDisplay?catalogId=10051&storeId=10051&productId=1952786&langId=-1&partNumber=000032167prod&errorViewName=ProductDisplayErrorView&categoryId=1334028&top_category=1334028&parent_category_rn=1334028&urlLangId=&categoryType=Wines&fromURL=%2fwebapp%2fwcs%2fstores%2fservlet%2fCatalogSearchResultView%3fstoreId%3d10051%26catalogId%3d10051%26langId%3d-1%26categoryId%3d1334028%26categoryType%3d%26top_category%3d%26parent_category_rn%3d%26sortBy%3d5%26searchSource%3dE%26pageView%3d%26beginIndex%3d840,10.99,32167,None Available,https://www.finewineandgoodspirits.com/webapp/wcs/stores/servlet/ProductDetailInStore?ItemCode=000032167&catalogId=10051&storeId=10051&langId=-1&prodlistCatId=1334028&parent_category_rn=1334028&ProdName=Arrowood%20Chardonnay%20Sonoma%20County%202014&fromURL=/webapp/wcs/stores/servlet/CatalogSearchResultView?storeId=10051%26catalogId=10051%26langId=-1%26categoryId=1334028%26categoryType=%26top_category=%26parent_category_rn=%26sortBy=5%26searchSource=E%26pageView=%26beginIndex=840,,,,,
755,755,Cambria Benchbreak Chardonnay Santa Maria Valley 2014,https://www.finewineandgoodspirits.com/webapp/wcs/stores/servlet/ProductDisplay?catalogId=10051&storeId=10051&productId=1952790&langId=-1&partNumber=000032183prod&errorViewName=ProductDisplayErrorView&categoryId=1334028&top_category=1334028&parent_category_rn=1334028&urlLangId=&categoryType=Wines&fromURL=%2fwebapp%2fwcs%2fstores%2fservlet%2fCatalogSearchResultView%3fstoreId%3d10051%26catalogId%3d10051%26langId%3d-1%26categoryId%3d1334028%26categoryType%3d%26top_category%3d%26parent_category_rn%3d%26sortBy%3d5%26searchSource%3dE%26pageView%3d%26beginIndex%3d840,10.99,32183,None Available,https://www.finewineandgoodspirits.com/webapp/wcs/stores/servlet/ProductDetailInStore?ItemCode=000032183&catalogId=10051&storeId=10051&langId=-1&prodlistCatId=1334028&parent_category_rn=1334028&ProdName=Cambria%20Benchbreak%20Chardonnay%20Santa%20Maria%20Valley%202014&fromURL=/webapp/wcs/stores/servlet/CatalogSearchResultView?storeId=10051%26catalogId=10051%26langId=-1%26categoryId=1334028%26categoryType=%26top_category=%26parent_category_rn=%26sortBy=5%26searchSource=E%26pageView=%26beginIndex=840,,,,,
756,756,Sidebar Cellars Sauvignon Blanc High Valley 2014,https://www.finewineandgoodspirits.com/webapp/wcs/stores/servlet/ProductDisplay?catalogId=10051&storeId=10051&productId=1952808&langId=-1&partNumber=000032207prod&errorViewName=ProductDisplayErrorView&categoryId=1334028&top_category=1334028&parent_category_rn=1334028&urlLangId=&categoryType=Wines&fromURL=%2fwebapp%2fwcs%2fstores%2fservlet%2fCatalogSearchResultView%3fstoreId%3d10051%26catalogId%3d10051%26langId%3d-1%26categoryId%3d1334028%26categoryType%3d%26top_category%3d%26parent_category_rn%3d%26sortBy%3d5%26searchSource%3dE%26pageView%3d%26beginIndex%3d855,17.59,32207,None Available,https://www.finewineandgoodspirits.com/webapp/wcs/stores/servlet/ProductDetailInStore?ItemCode=000032207&catalogId=10051&storeId=10051&langId=-1&prodlistCatId=1334028&parent_category_rn=1334028&ProdName=Sidebar%20Cellars%20Sauvignon%20Blanc%20High%20Valley%202014&fromURL=/webapp/wcs/stores/servlet/CatalogSearchResultView?storeId=10051%26catalogId=10051%26langId=-1%26categoryId=1334028%26categoryType=%26top_category=%26parent_category_rn=%26sortBy=5%26searchSource=E%26pageView=%26beginIndex=855,,,,,
757,757,Francis Ford Coppola Director's Cut Chardonnay Russian River Valley 2014,https://www.finewineandgoodspirits.com/webapp/wcs/stores/servlet/ProductDisplay?catalogId=10051&storeId=10051&productId=1952810&langId=-1&partNumber=000032209prod&errorViewName=ProductDisplayErrorView&categoryId=&top_category=&parent_category_rn=&urlLangId=&categoryType=Wines&fromURL=%2fwebapp%2fwcs%2fstores%2fservlet%2fCatalogSearchResultView%3fstoreId%3d10051%26catalogId%3d10051%26langId%3d-1%26sType%3dSimpleSearch%26resultCatEntryType%3d2%26showResultsPage%3dtrue%26pageSize%3d15%26sortBy%3d5%26searchSource%3dQ%26pageView%3d%26beginIndex%3d0%26searchTerm%3dCoppola%26SearchKeyWord%3d,15.99,32209,None Available,https://www.finewineandgoodspirits.com/webapp/wcs/stores/servlet/ProductDetailInStore?ItemCode=000032209&catalogId=10051&storeId=10051&langId=-1&prodlistCatId=&parent_category_rn=&ProdName=Francis%20Ford%20Coppola%20Director%27s%20Cut%20Chardonnay%20Russian%20River%20Valley%202014&fromURL=/webapp/wcs/stores/servlet/CatalogSearchResultView?storeId=10051%26catalogId=10051%26langId=-1%26sType=SimpleSearch%26resultCatEntryType=2%26showResultsPage=true%26pageSize=15%26sortBy=5%26searchSource=Q%26pageView=%26beginIndex=0%26searchTerm=Coppola%26SearchKeyWord=,,,,,
758,758,Routestock Cabernet Sauvignon Napa Valley 2014,https://www.finewineandgoodspirits.com/webapp/wcs/stores/servlet/ProductDisplay?catalogId=10051&storeId=10051&productId=1952870&langId=-1&partNumber=000032547prod&errorViewName=ProductDisplayErrorView&categoryId=1334028&top_category=1334028&parent_category_rn=1334028&urlLangId=&categoryType=Wines&fromURL=%2fwebapp%2fwcs%2fstores%2fservlet%2fCatalogSearchResultView%3fstoreId%3d10051%26catalogId%3d10051%26langId%3d-1%26categoryId%3d1334028%26categoryType%3d%26top_category%3d%26parent_category_rn%3d%26sortBy%3d5%26searchSource%3dE%26pageView%3d%26beginIndex%3d855,19.19,32547,None Available,https://www.finewineandgoodspirits.com/webapp/wcs/stores/servlet/ProductDetailInStore?ItemCode=000032547&catalogId=10051&storeId=10051&langId=-1&prodlistCatId=1334028&parent_category_rn=1334028&ProdName=Routestock%20Cabernet%20Sauvignon%20Napa%20Valley%202014&fromURL=/webapp/wcs/stores/servlet/CatalogSearchResultView?storeId=10051%26catalogId=10051%26langId=-1%26categoryId=1334028%26categoryType=%26top_category=%26parent_category_rn=%26sortBy=5%26searchSource=E%26pageView=%26beginIndex=855,,,,,
759,759,Routestock Pinot Noir Willamette Valley 2014,https://www.finewineandgoodspirits.com/webapp/wcs/stores/servlet/ProductDisplay?catalogId=10051&storeId=10051&productId=1952872&langId=-1&partNumber=000032548prod&errorViewName=ProductDisplayErrorView&categoryId=1334028&top_category=1334028&parent_category_rn=1334028&urlLangId=&categoryType=Wines&fromURL=%2fwebapp%2fwcs%2fstores%2fservlet%2fCatalogSearchResultView%3fstoreId%3d10051%26catalogId%3d10051%26langId%3d-1%26categoryId%3d1334028%26categoryType%3d%26top_category%3d%26parent_category_rn%3d%26sortBy%3d5%26searchSource%3dE%26pageView%3d%26beginIndex%3d855,18.39,32548,None Available,https://www.finewineandgoodspirits.com/webapp/wcs/stores/servlet/ProductDetailInStore?ItemCode=000032548&catalogId=10051&storeId=10051&langId=-1&prodlistCatId=1334028&parent_category_rn=1334028&ProdName=Routestock%20Pinot%20Noir%20Willamette%20Valley%202014&fromURL=/webapp/wcs/stores/servlet/CatalogSearchResultView?storeId=10051%26catalogId=10051%26langId=-1%26categoryId=1334028%26categoryType=%26top_category=%26parent_category_rn=%26sortBy=5%26searchSource=E%26pageView=%26beginIndex=855,,,,,
760,760,Routestock Chardonnay Napa Valley 2014,https://www.finewineandgoodspirits.com/webapp/wcs/stores/servlet/ProductDisplay?catalogId=10051&storeId=10051&productId=1952874&langId=-1&partNumber=000032549prod&errorViewName=ProductDisplayErrorView&categoryId=1334028&top_category=1334028&parent_category_rn=1334028&urlLangId=&categoryType=Wines&fromURL=%2fwebapp%2fwcs%2fstores%2fservlet%2fCatalogSearchResultView%3fstoreId%3d10051%26catalogId%3d10051%26langId%3d-1%26categoryId%3d1334028%26categoryType%3d%26top_category%3d%26parent_category_rn%3d%26sortBy%3d5%26searchSource%3dE%26pageView%3d%26beginIndex%3d855,13.59,32549,None Available,https://www.finewineandgoodspirits.com/webapp/wcs/stores/servlet/ProductDetailInStore?ItemCode=000032549&catalogId=10051&storeId=10051&langId=-1&prodlistCatId=1334028&parent_category_rn=1334028&ProdName=Routestock%20Chardonnay%20Napa%20Valley%202014&fromURL=/webapp/wcs/stores/servlet/CatalogSearchResultView?storeId=10051%26catalogId=10051%26langId=-1%26categoryId=1334028%26categoryType=%26top_category=%26parent_category_rn=%26sortBy=5%26searchSource=E%26pageView=%26beginIndex=855,,,,,
761,761,Groth Sauvignon Blanc Napa Valley 2015,https://www.finewineandgoodspirits.com/webapp/wcs/stores/servlet/ProductDisplay?catalogId=10051&storeId=10051&productId=1952896&langId=-1&partNumber=000032560prod&errorViewName=ProductDisplayErrorView&categoryId=1334028&top_category=1334028&parent_category_rn=1334028&urlLangId=&categoryType=Wines&fromURL=%2fwebapp%2fwcs%2fstores%2fservlet%2fCatalogSearchResultView%3fstoreId%3d10051%26catalogId%3d10051%26langId%3d-1%26categoryId%3d1334028%26categoryType%3d%26top_category%3d%26parent_category_rn%3d%26sortBy%3d5%26searchSource%3dE%26pageView%3d%26beginIndex%3d855,15.99,32560,None Available,https://www.finewineandgoodspirits.com/webapp/wcs/stores/servlet/ProductDetailInStore?ItemCode=000032560&catalogId=10051&storeId=10051&langId=-1&prodlistCatId=1334028&parent_category_rn=1334028&ProdName=Groth%20Sauvignon%20Blanc%20Napa%20Valley%202015&fromURL=/webapp/wcs/stores/servlet/CatalogSearchResultView?storeId=10051%26catalogId=10051%26langId=-1%26categoryId=1334028%26categoryType=%26top_category=%26parent_category_rn=%26sortBy=5%26searchSource=E%26pageView=%26beginIndex=855,,,,,
762,762,Edna Valley Pinot Grigio California 2015,https://www.finewineandgoodspirits.com/webapp/wcs/stores/servlet/ProductDisplay?catalogId=10051&storeId=10051&productId=1952898&langId=-1&partNumber=000032561prod&errorViewName=ProductDisplayErrorView&categoryId=1334028&top_category=1334028&parent_category_rn=1334028&urlLangId=&categoryType=Wines&fromURL=%2fwebapp%2fwcs%2fstores%2fservlet%2fCatalogSearchResultView%3fstoreId%3d10051%26catalogId%3d10051%26langId%3d-1%26categoryId%3d1334028%26categoryType%3d%26top_category%3d%26parent_category_rn%3d%26sortBy%3d5%26searchSource%3dE%26pageView%3d%26beginIndex%3d855,7.99,32561,None Available,https://www.finewineandgoodspirits.com/webapp/wcs/stores/servlet/ProductDetailInStore?ItemCode=000032561&catalogId=10051&storeId=10051&langId=-1&prodlistCatId=1334028&parent_category_rn=1334028&ProdName=Edna%20Valley%20Pinot%20Grigio%20California%202015&fromURL=/webapp/wcs/stores/servlet/CatalogSearchResultView?storeId=10051%26catalogId=10051%26langId=-1%26categoryId=1334028%26categoryType=%26top_category=%26parent_category_rn=%26sortBy=5%26searchSource=E%26pageView=%26beginIndex=855,,,,,
763,763,St Francis Merlot Sonoma County 2013,https://www.finewineandgoodspirits.com/webapp/wcs/stores/servlet/ProductDisplay?catalogId=10051&storeId=10051&productId=1952904&langId=-1&partNumber=000032574prod&errorViewName=ProductDisplayErrorView&categoryId=1334028&top_category=1334028&parent_category_rn=1334028&urlLangId=&categoryType=Wines&fromURL=%2fwebapp%2fwcs%2fstores%2fservlet%2fCatalogSearchResultView%3fstoreId%3d10051%26catalogId%3d10051%26langId%3d-1%26categoryId%3d1334028%26categoryType%3d%26top_category%3d%26parent_category_rn%3d%26sortBy%3d5%26searchSource%3dE%26pageView%3d%26beginIndex%3d855,15.19,32574,None Available,https://www.finewineandgoodspirits.com/webapp/wcs/stores/servlet/ProductDetailInStore?ItemCode=000032574&catalogId=10051&storeId=10051&langId=-1&prodlistCatId=1334028&parent_category_rn=1334028&ProdName=St%20Francis%20Merlot%20Sonoma%20County%202013&fromURL=/webapp/wcs/stores/servlet/CatalogSearchResultView?storeId=10051%26catalogId=10051%26langId=-1%26categoryId=1334028%26categoryType=%26top_category=%26parent_category_rn=%26sortBy=5%26searchSource=E%26pageView=%26beginIndex=855,,,,,
764,764,Merlo Family Estate Vineyards Zinfandel Trinity County 2012,https://www.finewineandgoodspirits.com/webapp/wcs/stores/servlet/ProductDisplay?catalogId=10051&storeId=10051&productId=1952908&langId=-1&partNumber=000032577prod&errorViewName=ProductDisplayErrorView&categoryId=1334028&top_category=1334028&parent_category_rn=1334028&urlLangId=&categoryType=Wines&fromURL=%2fwebapp%2fwcs%2fstores%2fservlet%2fCatalogSearchResultView%3fstoreId%3d10051%26catalogId%3d10051%26langId%3d-1%26categoryId%3d1334028%26categoryType%3d%26top_category%3d%26parent_category_rn%3d%26sortBy%3d5%26searchSource%3dE%26pageView%3d%26beginIndex%3d855,15.99,32577,None Available,https://www.finewineandgoodspirits.com/webapp/wcs/stores/servlet/ProductDetailInStore?ItemCode=000032577&catalogId=10051&storeId=10051&langId=-1&prodlistCatId=1334028&parent_category_rn=1334028&ProdName=Merlo%20Family%20Estate%20Vineyards%20Zinfandel%20Trinity%20County%202012&fromURL=/webapp/wcs/stores/servlet/CatalogSearchResultView?storeId=10051%26catalogId=10051%26langId=-1%26categoryId=1334028%26categoryType=%26top_category=%26parent_category_rn=%26sortBy=5%26searchSource=E%26pageView=%26beginIndex=855,,,,,
765,765,Daou Vineyards and Winery Cabernet Sauvignon Paso Robles 2015,https://www.finewineandgoodspirits.com/webapp/wcs/stores/servlet/ProductDisplay?catalogId=10051&storeId=10051&productId=1952912&langId=-1&partNumber=000032622prod&errorViewName=ProductDisplayErrorView&categoryId=1334028&top_category=1334028&parent_category_rn=1334028&urlLangId=&categoryType=Wines&fromURL=%2fwebapp%2fwcs%2fstores%2fservlet%2fCatalogSearchResultView%3fstoreId%3d10051%26catalogId%3d10051%26langId%3d-1%26categoryId%3d1334028%26categoryType%3d%26top_category%3d%26parent_category_rn%3d%26sortBy%3d5%26searchSource%3dE%26pageView%3d%26beginIndex%3d855,21.59,32622,None Available,https://www.finewineandgoodspirits.com/webapp/wcs/stores/servlet/ProductDetailInStore?ItemCode=000032622&catalogId=10051&storeId=10051&langId=-1&prodlistCatId=1334028&parent_category_rn=1334028&ProdName=Daou%20Vineyards%20and%20Winery%20Cabernet%20Sauvignon%20Paso%20Robles%202015&fromURL=/webapp/wcs/stores/servlet/CatalogSearchResultView?storeId=10051%26catalogId=10051%26langId=-1%26categoryId=1334028%26categoryType=%26top_category=%26parent_category_rn=%26sortBy=5%26searchSource=E%26pageView=%26beginIndex=855,,,,,
766,766,Buena Vista Chardonnay Carneros 2014,https://www.finewineandgoodspirits.com/webapp/wcs/stores/servlet/ProductDisplay?catalogId=10051&storeId=10051&productId=1952948&langId=-1&partNumber=000032786prod&errorViewName=ProductDisplayErrorView&categoryId=1334028&top_category=1334028&parent_category_rn=1334028&urlLangId=&categoryType=Wines&fromURL=%2fwebapp%2fwcs%2fstores%2fservlet%2fCatalogSearchResultView%3fstoreId%3d10051%26catalogId%3d10051%26langId%3d-1%26categoryId%3d1334028%26categoryType%3d%26top_category%3d%26parent_category_rn%3d%26sortBy%3d5%26searchSource%3dE%26pageView%3d%26beginIndex%3d870,12.49,32786,None Available,https://www.finewineandgoodspirits.com/webapp/wcs/stores/servlet/ProductDetailInStore?ItemCode=000032786&catalogId=10051&storeId=10051&langId=-1&prodlistCatId=1334028&parent_category_rn=1334028&ProdName=Buena%20Vista%20Chardonnay%20Carneros%202014&fromURL=/webapp/wcs/stores/servlet/CatalogSearchResultView?storeId=10051%26catalogId=10051%26langId=-1%26categoryId=1334028%26categoryType=%26top_category=%26parent_category_rn=%26sortBy=5%26searchSource=E%26pageView=%26beginIndex=870,,,,,
767,767,Hecht and Bannier Cotes du Roussillon Villages 2010,https://www.finewineandgoodspirits.com/webapp/wcs/stores/servlet/ProductDisplay?catalogId=10051&storeId=10051&productId=1952962&langId=-1&partNumber=000032912prod&errorViewName=ProductDisplayErrorView&categoryId=1334044&top_category=1334043&parent_category_rn=1334043&urlLangId=&variety=Chairman%26amp%3b%23039%3bs+Programs&categoryType=Wines&fromURL=%2fwebapp%2fwcs%2fstores%2fservlet%2fCatalogSearchResultView%3fstoreId%3d10051%26catalogId%3d10051%26langId%3d-1%26categoryId%3d1334044%26variety%3dChairman%2526amp%253b%2523039%253bs%2bPrograms%26categoryType%3dWines%26top_category%3d%26parent_category_rn%3d%26sortBy%3d5%26searchSource%3dE%26pageView%3d%26beginIndex%3d0,9.59,32912,None Available,https://www.finewineandgoodspirits.com/webapp/wcs/stores/servlet/ProductDetailInStore?ItemCode=000032912&catalogId=10051&storeId=10051&langId=-1&prodlistCatId=1334044&parent_category_rn=1334043&ProdName=Hecht%20and%20Bannier%20Cotes%20du%20Roussillon%20Villages%202010&fromURL=/webapp/wcs/stores/servlet/CatalogSearchResultView?storeId=10051%26catalogId=10051%26langId=-1%26categoryId=1334044%26variety=Chairman%26amp%3b%23039%3bs+Programs%26categoryType=Wines%26top_category=%26parent_category_rn=%26sortBy=5%26searchSource=E%26pageView=%26beginIndex=0,,,,,
768,768,Horse and Plow Pinot Gris Napa Valley 2015,https://www.finewineandgoodspirits.com/webapp/wcs/stores/servlet/ProductDisplay?catalogId=10051&storeId=10051&productId=1952964&langId=-1&partNumber=000032934prod&errorViewName=ProductDisplayErrorView&categoryId=1334028&top_category=1334028&parent_category_rn=1334028&urlLangId=&categoryType=Wines&fromURL=%2fwebapp%2fwcs%2fstores%2fservlet%2fCatalogSearchResultView%3fstoreId%3d10051%26catalogId%3d10051%26langId%3d-1%26categoryId%3d1334028%26categoryType%3d%26top_category%3d%26parent_category_rn%3d%26sortBy%3d5%26searchSource%3dE%26pageView%3d%26beginIndex%3d870,15.99,32934,None Available,https://www.finewineandgoodspirits.com/webapp/wcs/stores/servlet/ProductDetailInStore?ItemCode=000032934&catalogId=10051&storeId=10051&langId=-1&prodlistCatId=1334028&parent_category_rn=1334028&ProdName=Horse%20and%20Plow%20Pinot%20Gris%20Napa%20Valley%202015&fromURL=/webapp/wcs/stores/servlet/CatalogSearchResultView?storeId=10051%26catalogId=10051%26langId=-1%26categoryId=1334028%26categoryType=%26top_category=%26parent_category_rn=%26sortBy=5%26searchSource=E%26pageView=%26beginIndex=870,,,,,
769,769,Plungerhead Cabernet Sauvignon Alexander Valley 2014,https://www.finewineandgoodspirits.com/webapp/wcs/stores/servlet/ProductDisplay?catalogId=10051&storeId=10051&productId=1952966&langId=-1&partNumber=000033109prod&errorViewName=ProductDisplayErrorView&categoryId=1334028&top_category=1334028&parent_category_rn=1334028&urlLangId=&categoryType=Wines&fromURL=%2fwebapp%2fwcs%2fstores%2fservlet%2fCatalogSearchResultView%3fstoreId%3d10051%26catalogId%3d10051%26langId%3d-1%26categoryId%3d1334028%26categoryType%3d%26top_category%3d%26parent_category_rn%3d%26sortBy%3d5%26searchSource%3dE%26pageView%3d%26beginIndex%3d870,14.39,33109,None Available,https://www.finewineandgoodspirits.com/webapp/wcs/stores/servlet/ProductDetailInStore?ItemCode=000033109&catalogId=10051&storeId=10051&langId=-1&prodlistCatId=1334028&parent_category_rn=1334028&ProdName=Plungerhead%20Cabernet%20Sauvignon%20Alexander%20Valley%202014&fromURL=/webapp/wcs/stores/servlet/CatalogSearchResultView?storeId=10051%26catalogId=10051%26langId=-1%26categoryId=1334028%26categoryType=%26top_category=%26parent_category_rn=%26sortBy=5%26searchSource=E%26pageView=%26beginIndex=870,,,,,
770,770,La Contessa Rosso 2011,https://www.finewineandgoodspirits.com/webapp/wcs/stores/servlet/ProductDisplay?catalogId=10051&storeId=10051&productId=1952970&langId=-1&partNumber=000033134prod&errorViewName=ProductDisplayErrorView&categoryId=1334028&top_category=1334028&parent_category_rn=1334028&urlLangId=&categoryType=Wines&fromURL=%2fwebapp%2fwcs%2fstores%2fservlet%2fCatalogSearchResultView%3fstoreId%3d10051%26catalogId%3d10051%26langId%3d-1%26categoryId%3d1334028%26categoryType%3d%26top_category%3d%26parent_category_rn%3d%26sortBy%3d5%26searchSource%3dE%26pageView%3d%26beginIndex%3d870,8.39,33134,None Available,https://www.finewineandgoodspirits.com/webapp/wcs/stores/servlet/ProductDetailInStore?ItemCode=000033134&catalogId=10051&storeId=10051&langId=-1&prodlistCatId=1334028&parent_category_rn=1334028&ProdName=La%20Contessa%20Rosso%202011&fromURL=/webapp/wcs/stores/servlet/CatalogSearchResultView?storeId=10051%26catalogId=10051%26langId=-1%26categoryId=1334028%26categoryType=%26top_category=%26parent_category_rn=%26sortBy=5%26searchSource=E%26pageView=%26beginIndex=870,,,,,
771,771,Thomas Henry Pinot Noir Napa Valley 2016,https://www.finewineandgoodspirits.com/webapp/wcs/stores/servlet/ProductDisplay?catalogId=10051&storeId=10051&productId=1952972&langId=-1&partNumber=000033158prod&errorViewName=ProductDisplayErrorView&categoryId=1334028&top_category=1334028&parent_category_rn=1334028&urlLangId=&categoryType=Wines&fromURL=%2fwebapp%2fwcs%2fstores%2fservlet%2fCatalogSearchResultView%3fstoreId%3d10051%26catalogId%3d10051%26langId%3d-1%26categoryId%3d1334028%26categoryType%3d%26top_category%3d%26parent_category_rn%3d%26sortBy%3d5%26searchSource%3dE%26pageView%3d%26beginIndex%3d870,13.59,33158,None Available,https://www.finewineandgoodspirits.com/webapp/wcs/stores/servlet/ProductDetailInStore?ItemCode=000033158&catalogId=10051&storeId=10051&langId=-1&prodlistCatId=1334028&parent_category_rn=1334028&ProdName=Thomas%20Henry%20Pinot%20Noir%20Napa%20Valley%202016&fromURL=/webapp/wcs/stores/servlet/CatalogSearchResultView?storeId=10051%26catalogId=10051%26langId=-1%26categoryId=1334028%26categoryType=%26top_category=%26parent_category_rn=%26sortBy=5%26searchSource=E%26pageView=%26beginIndex=870,,,,,
772,772,Guenoc Victorian Claret North Coast 2015,https://www.finewineandgoodspirits.com/webapp/wcs/stores/servlet/ProductDisplay?catalogId=10051&storeId=10051&productId=1953014&langId=-1&partNumber=000033504prod&errorViewName=ProductDisplayErrorView&categoryId=1334028&top_category=1334028&parent_category_rn=1334028&urlLangId=&categoryType=Wines&fromURL=%2fwebapp%2fwcs%2fstores%2fservlet%2fCatalogSearchResultView%3fstoreId%3d10051%26catalogId%3d10051%26langId%3d-1%26categoryId%3d1334028%26categoryType%3d%26top_category%3d%26parent_category_rn%3d%26sortBy%3d5%26searchSource%3dE%26pageView%3d%26beginIndex%3d870,9.59,33504,None Available,https://www.finewineandgoodspirits.com/webapp/wcs/stores/servlet/ProductDetailInStore?ItemCode=000033504&catalogId=10051&storeId=10051&langId=-1&prodlistCatId=1334028&parent_category_rn=1334028&ProdName=Guenoc%20Victorian%20Claret%20North%20Coast%202015&fromURL=/webapp/wcs/stores/servlet/CatalogSearchResultView?storeId=10051%26catalogId=10051%26langId=-1%26categoryId=1334028%26categoryType=%26top_category=%26parent_category_rn=%26sortBy=5%26searchSource=E%26pageView=%26beginIndex=870,,,,,
773,773,Lucas and Lewellen Riesling Santa Barbara County 2012,https://www.finewineandgoodspirits.com/webapp/wcs/stores/servlet/ProductDisplay?catalogId=10051&storeId=10051&productId=1953142&langId=-1&partNumber=000033763prod&errorViewName=ProductDisplayErrorView&categoryId=1334028&top_category=1334028&parent_category_rn=1334028&urlLangId=&categoryType=Wines&fromURL=%2fwebapp%2fwcs%2fstores%2fservlet%2fCatalogSearchResultView%3fstoreId%3d10051%26catalogId%3d10051%26langId%3d-1%26categoryId%3d1334028%26categoryType%3d%26top_category%3d%26parent_category_rn%3d%26sortBy%3d5%26searchSource%3dE%26pageView%3d%26beginIndex%3d870,7.19,33763,None Available,https://www.finewineandgoodspirits.com/webapp/wcs/stores/servlet/ProductDetailInStore?ItemCode=000033763&catalogId=10051&storeId=10051&langId=-1&prodlistCatId=1334028&parent_category_rn=1334028&ProdName=Lucas%20and%20Lewellen%20Riesling%20Santa%20Barbara%20County%202012&fromURL=/webapp/wcs/stores/servlet/CatalogSearchResultView?storeId=10051%26catalogId=10051%26langId=-1%26categoryId=1334028%26categoryType=%26top_category=%26parent_category_rn=%26sortBy=5%26searchSource=E%26pageView=%26beginIndex=870,,,,,
774,774,Sbragia Family Vineyards Sauvignon Blanc Dry Creek Valley 2013,https://www.finewineandgoodspirits.com/webapp/wcs/stores/servlet/ProductDisplay?catalogId=10051&storeId=10051&productId=1953208&langId=-1&partNumber=000033796prod&errorViewName=ProductDisplayErrorView&categoryId=1334028&top_category=1334028&parent_category_rn=1334028&urlLangId=&categoryType=Wines&fromURL=%2fwebapp%2fwcs%2fstores%2fservlet%2fCatalogSearchResultView%3fstoreId%3d10051%26catalogId%3d10051%26langId%3d-1%26categoryId%3d1334028%26categoryType%3d%26top_category%3d%26parent_category_rn%3d%26sortBy%3d5%26searchSource%3dE%26pageView%3d%26beginIndex%3d870,8.99,33796,None Available,https://www.finewineandgoodspirits.com/webapp/wcs/stores/servlet/ProductDetailInStore?ItemCode=000033796&catalogId=10051&storeId=10051&langId=-1&prodlistCatId=1334028&parent_category_rn=1334028&ProdName=Sbragia%20Family%20Vineyards%20Sauvignon%20Blanc%20Dry%20Creek%20Valley%202013&fromURL=/webapp/wcs/stores/servlet/CatalogSearchResultView?storeId=10051%26catalogId=10051%26langId=-1%26categoryId=1334028%26categoryType=%26top_category=%26parent_category_rn=%26sortBy=5%26searchSource=E%26pageView=%26beginIndex=870,,,,,
775,775,Lillium Chardonnay Russian River Valley 2014,https://www.finewineandgoodspirits.com/webapp/wcs/stores/servlet/ProductDisplay?catalogId=10051&storeId=10051&productId=1953602&langId=-1&partNumber=000033993prod&errorViewName=ProductDisplayErrorView&categoryId=1334028&top_category=1334028&parent_category_rn=1334028&urlLangId=&categoryType=Wines&fromURL=%2fwebapp%2fwcs%2fstores%2fservlet%2fCatalogSearchResultView%3fstoreId%3d10051%26catalogId%3d10051%26langId%3d-1%26categoryId%3d1334028%26categoryType%3d%26top_category%3d%26parent_category_rn%3d%26sortBy%3d5%26searchSource%3dE%26pageView%3d%26beginIndex%3d870,10.19,33993,None Available,https://www.finewineandgoodspirits.com/webapp/wcs/stores/servlet/ProductDetailInStore?ItemCode=000033993&catalogId=10051&storeId=10051&langId=-1&prodlistCatId=1334028&parent_category_rn=1334028&ProdName=Lillium%20Chardonnay%20Russian%20River%20Valley%202014&fromURL=/webapp/wcs/stores/servlet/CatalogSearchResultView?storeId=10051%26catalogId=10051%26langId=-1%26categoryId=1334028%26categoryType=%26top_category=%26parent_category_rn=%26sortBy=5%26searchSource=E%26pageView=%26beginIndex=870,,,,,
776,776,Sandhi Chardonnay Santa Barbara County 2014,https://www.finewineandgoodspirits.com/webapp/wcs/stores/servlet/ProductDisplay?catalogId=10051&storeId=10051&productId=1953642&langId=-1&partNumber=000034071prod&errorViewName=ProductDisplayErrorView&categoryId=1334028&top_category=1334028&parent_category_rn=1334028&urlLangId=&categoryType=Wines&fromURL=%2fwebapp%2fwcs%2fstores%2fservlet%2fCatalogSearchResultView%3fstoreId%3d10051%26catalogId%3d10051%26langId%3d-1%26categoryId%3d1334028%26categoryType%3d%26top_category%3d%26parent_category_rn%3d%26sortBy%3d5%26searchSource%3dE%26pageView%3d%26beginIndex%3d870,22.39,34071,None Available,https://www.finewineandgoodspirits.com/webapp/wcs/stores/servlet/ProductDetailInStore?ItemCode=000034071&catalogId=10051&storeId=10051&langId=-1&prodlistCatId=1334028&parent_category_rn=1334028&ProdName=Sandhi%20Chardonnay%20Santa%20Barbara%20County%202014&fromURL=/webapp/wcs/stores/servlet/CatalogSearchResultView?storeId=10051%26catalogId=10051%26langId=-1%26categoryId=1334028%26categoryType=%26top_category=%26parent_category_rn=%26sortBy=5%26searchSource=E%26pageView=%26beginIndex=870,,,,,
777,777,Horse and Plow Winery Chardonnay Sonoma 2014,https://www.finewineandgoodspirits.com/webapp/wcs/stores/servlet/ProductDisplay?catalogId=10051&storeId=10051&productId=1953704&langId=-1&partNumber=000034137prod&errorViewName=ProductDisplayErrorView&categoryId=1334028&top_category=1334028&parent_category_rn=1334028&urlLangId=&categoryType=Wines&fromURL=%2fwebapp%2fwcs%2fstores%2fservlet%2fCatalogSearchResultView%3fstoreId%3d10051%26catalogId%3d10051%26langId%3d-1%26categoryId%3d1334028%26categoryType%3d%26top_category%3d%26parent_category_rn%3d%26sortBy%3d5%26searchSource%3dE%26pageView%3d%26beginIndex%3d870,15.19,34137,None Available,https://www.finewineandgoodspirits.com/webapp/wcs/stores/servlet/ProductDetailInStore?ItemCode=000034137&catalogId=10051&storeId=10051&langId=-1&prodlistCatId=1334028&parent_category_rn=1334028&ProdName=Horse%20and%20Plow%20Winery%20Chardonnay%20Sonoma%202014&fromURL=/webapp/wcs/stores/servlet/CatalogSearchResultView?storeId=10051%26catalogId=10051%26langId=-1%26categoryId=1334028%26categoryType=%26top_category=%26parent_category_rn=%26sortBy=5%26searchSource=E%26pageView=%26beginIndex=870,,,,,
778,778,Chimney Rock Sauvignon Blanc Napa Valley 2014,https://www.finewineandgoodspirits.com/webapp/wcs/stores/servlet/ProductDisplay?catalogId=10051&storeId=10051&productId=1953806&langId=-1&partNumber=000034228prod&errorViewName=ProductDisplayErrorView&categoryId=1334028&top_category=1334028&parent_category_rn=1334028&urlLangId=&categoryType=Wines&fromURL=%2fwebapp%2fwcs%2fstores%2fservlet%2fCatalogSearchResultView%3fstoreId%3d10051%26catalogId%3d10051%26langId%3d-1%26categoryId%3d1334028%26categoryType%3d%26top_category%3d%26parent_category_rn%3d%26sortBy%3d5%26searchSource%3dE%26pageView%3d%26beginIndex%3d885,19.99,34228,None Available,https://www.finewineandgoodspirits.com/webapp/wcs/stores/servlet/ProductDetailInStore?ItemCode=000034228&catalogId=10051&storeId=10051&langId=-1&prodlistCatId=1334028&parent_category_rn=1334028&ProdName=Chimney%20Rock%20Sauvignon%20Blanc%20Napa%20Valley%202014&fromURL=/webapp/wcs/stores/servlet/CatalogSearchResultView?storeId=10051%26catalogId=10051%26langId=-1%26categoryId=1334028%26categoryType=%26top_category=%26parent_category_rn=%26sortBy=5%26searchSource=E%26pageView=%26beginIndex=885,,,,,
779,779,Anecoop Casa L'Angel Old Vines Valencia 2008,https://www.finewineandgoodspirits.com/webapp/wcs/stores/servlet/ProductDisplay?catalogId=10051&storeId=10051&productId=1953870&langId=-1&partNumber=000034286prod&errorViewName=ProductDisplayErrorView&categoryId=1334028&top_category=1334028&parent_category_rn=1334028&urlLangId=&categoryType=Wines&fromURL=%2fwebapp%2fwcs%2fstores%2fservlet%2fCatalogSearchResultView%3fstoreId%3d10051%26catalogId%3d10051%26langId%3d-1%26categoryId%3d1334028%26categoryType%3d%26top_category%3d%26parent_category_rn%3d%26sortBy%3d5%26searchSource%3dE%26pageView%3d%26beginIndex%3d885,7.49,34286,None Available,https://www.finewineandgoodspirits.com/webapp/wcs/stores/servlet/ProductDetailInStore?ItemCode=000034286&catalogId=10051&storeId=10051&langId=-1&prodlistCatId=1334028&parent_category_rn=1334028&ProdName=Anecoop%20Casa%20L%27Angel%20Old%20Vines%20Valencia%202008&fromURL=/webapp/wcs/stores/servlet/CatalogSearchResultView?storeId=10051%26catalogId=10051%26langId=-1%26categoryId=1334028%26categoryType=%26top_category=%26parent_category_rn=%26sortBy=5%26searchSource=E%26pageView=%26beginIndex=885,,,,,
780,780,Daou Vineyards The Pessimist Paso Robles 2016,https://www.finewineandgoodspirits.com/webapp/wcs/stores/servlet/ProductDisplay?catalogId=10051&storeId=10051&productId=1953938&langId=-1&partNumber=000034344prod&errorViewName=ProductDisplayErrorView&categoryId=1334028&top_category=1334028&parent_category_rn=1334028&urlLangId=&categoryType=Wines&fromURL=%2fwebapp%2fwcs%2fstores%2fservlet%2fCatalogSearchResultView%3fstoreId%3d10051%26catalogId%3d10051%26langId%3d-1%26categoryId%3d1334028%26categoryType%3d%26top_category%3d%26parent_category_rn%3d%26sortBy%3d5%26searchSource%3dE%26pageView%3d%26beginIndex%3d885,22.39,34344,None Available,https://www.finewineandgoodspirits.com/webapp/wcs/stores/servlet/ProductDetailInStore?ItemCode=000034344&catalogId=10051&storeId=10051&langId=-1&prodlistCatId=1334028&parent_category_rn=1334028&ProdName=Daou%20Vineyards%20The%20Pessimist%20Paso%20Robles%202016&fromURL=/webapp/wcs/stores/servlet/CatalogSearchResultView?storeId=10051%26catalogId=10051%26langId=-1%26categoryId=1334028%26categoryType=%26top_category=%26parent_category_rn=%26sortBy=5%26searchSource=E%26pageView=%26beginIndex=885,,,,,
781,781,Ole Smoky Shine Nog 35 Proof,https://www.finewineandgoodspirits.com/webapp/wcs/stores/servlet/ProductDisplay?catalogId=10051&storeId=10051&productId=1954020&langId=-1&partNumber=000034414prod&errorViewName=ProductDisplayErrorView&categoryId=1334022&top_category=25208&parent_category_rn=25208&urlLangId=&variety=Other+Spirits&categoryType=Spirits&fromURL=%2fwebapp%2fwcs%2fstores%2fservlet%2fCatalogSearchResultView%3fstoreId%3d10051%26catalogId%3d10051%26langId%3d-1%26categoryId%3d1334022%26variety%3dOther%2bSpirits%26categoryType%3dSpirits%26top_category%3d%26parent_category_rn%3d%26sortBy%3d5%26searchSource%3dE%26pageView%3d%26beginIndex%3d0,15.99,34414,None Available,https://www.finewineandgoodspirits.com/webapp/wcs/stores/servlet/ProductDetailInStore?ItemCode=000034414&catalogId=10051&storeId=10051&langId=-1&prodlistCatId=1334022&parent_category_rn=25208&ProdName=Ole%20Smoky%20Shine%20Nog%2035%20Proof&fromURL=/webapp/wcs/stores/servlet/CatalogSearchResultView?storeId=10051%26catalogId=10051%26langId=-1%26categoryId=1334022%26variety=Other+Spirits%26categoryType=Spirits%26top_category=%26parent_category_rn=%26sortBy=5%26searchSource=E%26pageView=%26beginIndex=0,6,1,6,4,5
782,782,Pricum Paraje de El Santo Prieto Picudo Tierra de Leon 2007,https://www.finewineandgoodspirits.com/webapp/wcs/stores/servlet/ProductDisplay?catalogId=10051&storeId=10051&productId=1954056&langId=-1&partNumber=000034437prod&errorViewName=ProductDisplayErrorView&categoryId=1333936&top_category=25588&parent_category_rn=25588&urlLangId=&categoryType=Wines&fromURL=%2fwebapp%2fwcs%2fstores%2fservlet%2fCatalogSearchResultView%3fstoreId%3d10051%26catalogId%3d10051%26langId%3d-1%26categoryId%3d1333936%26categoryType%3d%26top_category%3d%26parent_category_rn%3d%26sortBy%3d%26searchSource%3dE%26pageView%3d%26beginIndex%3d0,21.49,34437,None Available,https://www.finewineandgoodspirits.com/webapp/wcs/stores/servlet/ProductDetailInStore?ItemCode=000034437&catalogId=10051&storeId=10051&langId=-1&prodlistCatId=1333936&parent_category_rn=25588&ProdName=Pricum%20Paraje%20de%20El%20Santo%20Prieto%20Picudo%20Tierra%20de%20Leon%202007&fromURL=/webapp/wcs/stores/servlet/CatalogSearchResultView?storeId=10051%26catalogId=10051%26langId=-1%26categoryId=1333936%26categoryType=%26top_category=%26parent_category_rn=%26sortBy=%26searchSource=E%26pageView=%26beginIndex=0,,,,,
783,783,Picket Fence Cabernet Sauvignon Alexander Valley 2015,https://www.finewineandgoodspirits.com/webapp/wcs/stores/servlet/ProductDisplay?catalogId=10051&storeId=10051&productId=1954066&langId=-1&partNumber=000034443prod&errorViewName=ProductDisplayErrorView&categoryId=1334028&top_category=1334028&parent_category_rn=1334028&urlLangId=&categoryType=Wines&fromURL=%2fwebapp%2fwcs%2fstores%2fservlet%2fCatalogSearchResultView%3fstoreId%3d10051%26catalogId%3d10051%26langId%3d-1%26categoryId%3d1334028%26categoryType%3d%26top_category%3d%26parent_category_rn%3d%26sortBy%3d5%26searchSource%3dE%26pageView%3d%26beginIndex%3d885,13.59,34443,None Available,https://www.finewineandgoodspirits.com/webapp/wcs/stores/servlet/ProductDetailInStore?ItemCode=000034443&catalogId=10051&storeId=10051&langId=-1&prodlistCatId=1334028&parent_category_rn=1334028&ProdName=Picket%20Fence%20Cabernet%20Sauvignon%20Alexander%20Valley%202015&fromURL=/webapp/wcs/stores/servlet/CatalogSearchResultView?storeId=10051%26catalogId=10051%26langId=-1%26categoryId=1334028%26categoryType=%26top_category=%26parent_category_rn=%26sortBy=5%26searchSource=E%26pageView=%26beginIndex=885,,,,,
784,784,Sukkah Hill Spirits Etrog Liqueur 76 Proof,https://www.finewineandgoodspirits.com/webapp/wcs/stores/servlet/ProductDisplay?catalogId=10051&storeId=10051&productId=1954078&langId=-1&partNumber=000034450prod&errorViewName=ProductDisplayErrorView&categoryId=1334030&top_category=1334028&parent_category_rn=1334028&urlLangId=&categoryType=Spirits&fromURL=%2fwebapp%2fwcs%2fstores%2fservlet%2fCatalogSearchResultView%3fstoreId%3d10051%26catalogId%3d10051%26langId%3d-1%26categoryId%3d1334030%26categoryType%3d%26top_category%3d%26parent_category_rn%3d%26sortBy%3d5%26searchSource%3dE%26pageView%3d%26beginIndex%3d135,14.99,34450,None Available,https://www.finewineandgoodspirits.com/webapp/wcs/stores/servlet/ProductDetailInStore?ItemCode=000034450&catalogId=10051&storeId=10051&langId=-1&prodlistCatId=1334030&parent_category_rn=1334028&ProdName=Sukkah%20Hill%20Spirits%20Etrog%20Liqueur%2076%20Proof&fromURL=/webapp/wcs/stores/servlet/CatalogSearchResultView?storeId=10051%26catalogId=10051%26langId=-1%26categoryId=1334030%26categoryType=%26top_category=%26parent_category_rn=%26sortBy=5%26searchSource=E%26pageView=%26beginIndex=135,,,,,
785,785,Tenuta Olim Bauda Isolavilla Grignolino d'Asti 2016,https://www.finewineandgoodspirits.com/webapp/wcs/stores/servlet/ProductDisplay?catalogId=10051&storeId=10051&productId=1954332&langId=-1&partNumber=000034582prod&errorViewName=ProductDisplayErrorView&categoryId=1334028&top_category=1334028&parent_category_rn=1334028&urlLangId=&categoryType=Wines&fromURL=%2fwebapp%2fwcs%2fstores%2fservlet%2fCatalogSearchResultView%3fstoreId%3d10051%26catalogId%3d10051%26langId%3d-1%26categoryId%3d1334028%26categoryType%3d%26top_category%3d%26parent_category_rn%3d%26sortBy%3d5%26searchSource%3dE%26pageView%3d%26beginIndex%3d885,13.59,34582,None Available,https://www.finewineandgoodspirits.com/webapp/wcs/stores/servlet/ProductDetailInStore?ItemCode=000034582&catalogId=10051&storeId=10051&langId=-1&prodlistCatId=1334028&parent_category_rn=1334028&ProdName=Tenuta%20Olim%20Bauda%20Isolavilla%20Grignolino%20d%27Asti%202016&fromURL=/webapp/wcs/stores/servlet/CatalogSearchResultView?storeId=10051%26catalogId=10051%26langId=-1%26categoryId=1334028%26categoryType=%26top_category=%26parent_category_rn=%26sortBy=5%26searchSource=E%26pageView=%26beginIndex=885,,,,,
786,786,Glenmorangie Highland Single Malt Scotch Whisky Pioneering Collection 4x100 ML 86 Proof,https://www.finewineandgoodspirits.com/webapp/wcs/stores/servlet/ProductDisplay?catalogId=10051&storeId=10051&productId=1954348&langId=-1&partNumber=000034590prod&errorViewName=ProductDisplayErrorView&categoryId=1334008&top_category=25208&parent_category_rn=1334013&urlLangId=&variety=Scotch+-+Single+Malt+Whisky&categoryType=Spirits&fromURL=%2fwebapp%2fwcs%2fstores%2fservlet%2fCatalogSearchResultView%3fstoreId%3d10051%26catalogId%3d10051%26langId%3d-1%26categoryId%3d1334008%26variety%3dScotch%2b-%2bSingle%2bMalt%2bWhisky%26categoryType%3dSpirits%26top_category%3d%26parent_category_rn%3d%26sortBy%3d5%26searchSource%3dE%26pageView%3d%26beginIndex%3d0,23.99,34590,None Available,https://www.finewineandgoodspirits.com/webapp/wcs/stores/servlet/ProductDetailInStore?ItemCode=000034590&catalogId=10051&storeId=10051&langId=-1&prodlistCatId=1334008&parent_category_rn=1334013&ProdName=Glenmorangie%20Highland%20Single%20Malt%20Scotch%20Whisky%20Pioneering%20Collection%204x100%20ML%2086%20Proof&fromURL=/webapp/wcs/stores/servlet/CatalogSearchResultView?storeId=10051%26catalogId=10051%26langId=-1%26categoryId=1334008%26variety=Scotch+-+Single+Malt+Whisky%26categoryType=Spirits%26top_category=%26parent_category_rn=%26sortBy=5%26searchSource=E%26pageView=%26beginIndex=0,,,,,
787,787,Jim Beam Harvest Bourbon Collection Signature Craft Whiskey Barley 11 Year 90 Proof,https://www.finewineandgoodspirits.com/webapp/wcs/stores/servlet/ProductDisplay?catalogId=10051&storeId=10051&productId=1954536&langId=-1&partNumber=000034686prod&errorViewName=ProductDisplayErrorView&categoryId=1334015&top_category=25208&parent_category_rn=1334013&urlLangId=&variety=Bourbon&categoryType=Spirits&fromURL=%2fwebapp%2fwcs%2fstores%2fservlet%2fCatalogSearchResultView%3fstoreId%3d10051%26catalogId%3d10051%26langId%3d-1%26categoryId%3d1334015%26variety%3dBourbon%26categoryType%3dSpirits%26top_category%3d%26parent_category_rn%3d%26sortBy%3d5%26searchSource%3dE%26pageView%3d%26beginIndex%3d0,24.99,34686,None Available,https://www.finewineandgoodspirits.com/webapp/wcs/stores/servlet/ProductDetailInStore?ItemCode=000034686&catalogId=10051&storeId=10051&langId=-1&prodlistCatId=1334015&parent_category_rn=1334013&ProdName=Jim%20Beam%20Harvest%20Bourbon%20Collection%20Signature%20Craft%20Whiskey%20Barley%2011%20Year%2090%20Proof&fromURL=/webapp/wcs/stores/servlet/CatalogSearchResultView?storeId=10051%26catalogId=10051%26langId=-1%26categoryId=1334015%26variety=Bourbon%26categoryType=Spirits%26top_category=%26parent_category_rn=%26sortBy=5%26searchSource=E%26pageView=%26beginIndex=0,,,,,
788,788,Sartori L'Appassione Rosso delle Venezie 2013,https://www.finewineandgoodspirits.com/webapp/wcs/stores/servlet/ProductDisplay?catalogId=10051&storeId=10051&productId=1954952&langId=-1&partNumber=000034898prod&errorViewName=ProductDisplayErrorView&categoryId=1334028&top_category=1334028&parent_category_rn=1334028&urlLangId=&categoryType=Wines&fromURL=%2fwebapp%2fwcs%2fstores%2fservlet%2fCatalogSearchResultView%3fstoreId%3d10051%26catalogId%3d10051%26langId%3d-1%26categoryId%3d1334028%26categoryType%3d%26top_category%3d%26parent_category_rn%3d%26sortBy%3d5%26searchSource%3dE%26pageView%3d%26beginIndex%3d885,9.59,34898,None Available,https://www.finewineandgoodspirits.com/webapp/wcs/stores/servlet/ProductDetailInStore?ItemCode=000034898&catalogId=10051&storeId=10051&langId=-1&prodlistCatId=1334028&parent_category_rn=1334028&ProdName=Sartori%20L%27Appassione%20Rosso%20delle%20Venezie%202013&fromURL=/webapp/wcs/stores/servlet/CatalogSearchResultView?storeId=10051%26catalogId=10051%26langId=-1%26categoryId=1334028%26categoryType=%26top_category=%26parent_category_rn=%26sortBy=5%26searchSource=E%26pageView=%26beginIndex=885,,,,,
789,789,Domaine de Puig Parahy Georges Cotes du Roussillon 2011,https://www.finewineandgoodspirits.com/webapp/wcs/stores/servlet/ProductDisplay?catalogId=10051&storeId=10051&productId=1954960&langId=-1&partNumber=000034904prod&errorViewName=ProductDisplayErrorView&categoryId=1334028&top_category=1334028&parent_category_rn=1334028&urlLangId=&categoryType=Wines&fromURL=%2fwebapp%2fwcs%2fstores%2fservlet%2fCatalogSearchResultView%3fstoreId%3d10051%26catalogId%3d10051%26langId%3d-1%26categoryId%3d1334028%26categoryType%3d%26top_category%3d%26parent_category_rn%3d%26sortBy%3d5%26searchSource%3dE%26pageView%3d%26beginIndex%3d885,11.99,34904,None Available,https://www.finewineandgoodspirits.com/webapp/wcs/stores/servlet/ProductDetailInStore?ItemCode=000034904&catalogId=10051&storeId=10051&langId=-1&prodlistCatId=1334028&parent_category_rn=1334028&ProdName=Domaine%20de%20Puig%20Parahy%20Georges%20Cotes%20du%20Roussillon%202011&fromURL=/webapp/wcs/stores/servlet/CatalogSearchResultView?storeId=10051%26catalogId=10051%26langId=-1%26categoryId=1334028%26categoryType=%26top_category=%26parent_category_rn=%26sortBy=5%26searchSource=E%26pageView=%26beginIndex=885,,,,,
790,790,Domaine Daniel Pollier Macon Fuisse 2015,https://www.finewineandgoodspirits.com/webapp/wcs/stores/servlet/ProductDisplay?catalogId=10051&storeId=10051&productId=1954962&langId=-1&partNumber=000034905prod&errorViewName=ProductDisplayErrorView&categoryId=1334028&top_category=1334028&parent_category_rn=1334028&urlLangId=&categoryType=Wines&fromURL=%2fwebapp%2fwcs%2fstores%2fservlet%2fCatalogSearchResultView%3fstoreId%3d10051%26catalogId%3d10051%26langId%3d-1%26categoryId%3d1334028%26categoryType%3d%26top_category%3d%26parent_category_rn%3d%26sortBy%3d5%26searchSource%3dE%26pageView%3d%26beginIndex%3d885,15.19,34905,None Available,https://www.finewineandgoodspirits.com/webapp/wcs/stores/servlet/ProductDetailInStore?ItemCode=000034905&catalogId=10051&storeId=10051&langId=-1&prodlistCatId=1334028&parent_category_rn=1334028&ProdName=Domaine%20Daniel%20Pollier%20Macon%20Fuisse%202015&fromURL=/webapp/wcs/stores/servlet/CatalogSearchResultView?storeId=10051%26catalogId=10051%26langId=-1%26categoryId=1334028%26categoryType=%26top_category=%26parent_category_rn=%26sortBy=5%26searchSource=E%26pageView=%26beginIndex=885,,,,,
791,791,Claude Lafond Sauvignon Blanc Reuilly Clos Fussay 2016,https://www.finewineandgoodspirits.com/webapp/wcs/stores/servlet/ProductDisplay?catalogId=10051&storeId=10051&productId=1954964&langId=-1&partNumber=000034906prod&errorViewName=ProductDisplayErrorView&categoryId=1334028&top_category=1334028&parent_category_rn=1334028&urlLangId=&categoryType=Wines&fromURL=%2fwebapp%2fwcs%2fstores%2fservlet%2fCatalogSearchResultView%3fstoreId%3d10051%26catalogId%3d10051%26langId%3d-1%26categoryId%3d1334028%26categoryType%3d%26top_category%3d%26parent_category_rn%3d%26sortBy%3d5%26searchSource%3dE%26pageView%3d%26beginIndex%3d900,14.39,34906,None Available,https://www.finewineandgoodspirits.com/webapp/wcs/stores/servlet/ProductDetailInStore?ItemCode=000034906&catalogId=10051&storeId=10051&langId=-1&prodlistCatId=1334028&parent_category_rn=1334028&ProdName=Claude%20Lafond%20Sauvignon%20Blanc%20Reuilly%20Clos%20Fussay%202016&fromURL=/webapp/wcs/stores/servlet/CatalogSearchResultView?storeId=10051%26catalogId=10051%26langId=-1%26categoryId=1334028%26categoryType=%26top_category=%26parent_category_rn=%26sortBy=5%26searchSource=E%26pageView=%26beginIndex=900,,,,,
792,792,Matane Primitivo Puglia 2016,https://www.finewineandgoodspirits.com/webapp/wcs/stores/servlet/ProductDisplay?catalogId=10051&storeId=10051&productId=1954980&langId=-1&partNumber=000034914prod&errorViewName=ProductDisplayErrorView&categoryId=1334028&top_category=1334028&parent_category_rn=1334028&urlLangId=&categoryType=Wines&fromURL=%2fwebapp%2fwcs%2fstores%2fservlet%2fCatalogSearchResultView%3fstoreId%3d10051%26catalogId%3d10051%26langId%3d-1%26categoryId%3d1334028%26categoryType%3d%26top_category%3d%26parent_category_rn%3d%26sortBy%3d5%26searchSource%3dE%26pageView%3d%26beginIndex%3d0,9.59,34914,None Available,https://www.finewineandgoodspirits.com/webapp/wcs/stores/servlet/ProductDetailInStore?ItemCode=000034914&catalogId=10051&storeId=10051&langId=-1&prodlistCatId=1334028&parent_category_rn=1334028&ProdName=Matane%20Primitivo%20Puglia%202016&fromURL=/webapp/wcs/stores/servlet/CatalogSearchResultView?storeId=10051%26catalogId=10051%26langId=-1%26categoryId=1334028%26categoryType=%26top_category=%26parent_category_rn=%26sortBy=5%26searchSource=E%26pageView=%26beginIndex=0,,,,,
793,793,Domaine Font Mars Picpoul de Pinet Languedoc 2016,https://www.finewineandgoodspirits.com/webapp/wcs/stores/servlet/ProductDisplay?catalogId=10051&storeId=10051&productId=1954986&langId=-1&partNumber=000034917prod&errorViewName=ProductDisplayErrorView&categoryId=1334028&top_category=1334028&parent_category_rn=1334028&urlLangId=&categoryType=Wines&fromURL=%2fwebapp%2fwcs%2fstores%2fservlet%2fCatalogSearchResultView%3fstoreId%3d10051%26catalogId%3d10051%26langId%3d-1%26categoryId%3d1334028%26categoryType%3d%26top_category%3d%26parent_category_rn%3d%26sortBy%3d5%26searchSource%3dE%26pageView%3d%26beginIndex%3d900,10.39,34917,None Available,https://www.finewineandgoodspirits.com/webapp/wcs/stores/servlet/ProductDetailInStore?ItemCode=000034917&catalogId=10051&storeId=10051&langId=-1&prodlistCatId=1334028&parent_category_rn=1334028&ProdName=Domaine%20Font%20Mars%20Picpoul%20de%20Pinet%20Languedoc%202016&fromURL=/webapp/wcs/stores/servlet/CatalogSearchResultView?storeId=10051%26catalogId=10051%26langId=-1%26categoryId=1334028%26categoryType=%26top_category=%26parent_category_rn=%26sortBy=5%26searchSource=E%26pageView=%26beginIndex=900,,,,,
794,794,Domaine Les Aphillanthes Carmin Cotes du Rhone 2015,https://www.finewineandgoodspirits.com/webapp/wcs/stores/servlet/ProductDisplay?catalogId=10051&storeId=10051&productId=1954990&langId=-1&partNumber=000034919prod&errorViewName=ProductDisplayErrorView&categoryId=&top_category=&parent_category_rn=&urlLangId=&categoryType=Wines&fromURL=%2fwebapp%2fwcs%2fstores%2fservlet%2fCatalogSearchResultView%3fstoreId%3d10051%26catalogId%3d10051%26langId%3d-1%26sType%3dSimpleSearch%26resultCatEntryType%3d2%26showResultsPage%3dtrue%26pageSize%3d15%26sortBy%3d5%26searchSource%3dQ%26pageView%3d%26beginIndex%3d0%26searchTerm%3drhone%26SearchKeyWord%3d,11.99,34919,None Available,https://www.finewineandgoodspirits.com/webapp/wcs/stores/servlet/ProductDetailInStore?ItemCode=000034919&catalogId=10051&storeId=10051&langId=-1&prodlistCatId=&parent_category_rn=&ProdName=Domaine%20Les%20Aphillanthes%20Carmin%20Cotes%20du%20Rhone%202015&fromURL=/webapp/wcs/stores/servlet/CatalogSearchResultView?storeId=10051%26catalogId=10051%26langId=-1%26sType=SimpleSearch%26resultCatEntryType=2%26showResultsPage=true%26pageSize=15%26sortBy=5%26searchSource=Q%26pageView=%26beginIndex=0%26searchTerm=rhone%26SearchKeyWord=,,,,,
795,795,Schug Chardonnay Carneros 2015,https://www.finewineandgoodspirits.com/webapp/wcs/stores/servlet/ProductDisplay?catalogId=10051&storeId=10051&productId=1954994&langId=-1&partNumber=000034921prod&errorViewName=ProductDisplayErrorView&categoryId=1334028&top_category=1334028&parent_category_rn=1334028&urlLangId=&categoryType=Wines&fromURL=%2fwebapp%2fwcs%2fstores%2fservlet%2fCatalogSearchResultView%3fstoreId%3d10051%26catalogId%3d10051%26langId%3d-1%26categoryId%3d1334028%26categoryType%3d%26top_category%3d%26parent_category_rn%3d%26sortBy%3d5%26searchSource%3dE%26pageView%3d%26beginIndex%3d900,23.99,34921,None Available,https://www.finewineandgoodspirits.com/webapp/wcs/stores/servlet/ProductDetailInStore?ItemCode=000034921&catalogId=10051&storeId=10051&langId=-1&prodlistCatId=1334028&parent_category_rn=1334028&ProdName=Schug%20Chardonnay%20Carneros%202015&fromURL=/webapp/wcs/stores/servlet/CatalogSearchResultView?storeId=10051%26catalogId=10051%26langId=-1%26categoryId=1334028%26categoryType=%26top_category=%26parent_category_rn=%26sortBy=5%26searchSource=E%26pageView=%26beginIndex=900,,,,,
796,796,Wellington Vineyards Cabernet Sauvignon Sonoma County 2013,https://www.finewineandgoodspirits.com/webapp/wcs/stores/servlet/ProductDisplay?catalogId=10051&storeId=10051&productId=1954998&langId=-1&partNumber=000034923prod&errorViewName=ProductDisplayErrorView&categoryId=1334028&top_category=1334028&parent_category_rn=1334028&urlLangId=&categoryType=Wines&fromURL=%2fwebapp%2fwcs%2fstores%2fservlet%2fCatalogSearchResultView%3fstoreId%3d10051%26catalogId%3d10051%26langId%3d-1%26categoryId%3d1334028%26categoryType%3d%26top_category%3d%26parent_category_rn%3d%26sortBy%3d5%26searchSource%3dE%26pageView%3d%26beginIndex%3d900,15.99,34923,None Available,https://www.finewineandgoodspirits.com/webapp/wcs/stores/servlet/ProductDetailInStore?ItemCode=000034923&catalogId=10051&storeId=10051&langId=-1&prodlistCatId=1334028&parent_category_rn=1334028&ProdName=Wellington%20Vineyards%20Cabernet%20Sauvignon%20Sonoma%20County%202013&fromURL=/webapp/wcs/stores/servlet/CatalogSearchResultView?storeId=10051%26catalogId=10051%26langId=-1%26categoryId=1334028%26categoryType=%26top_category=%26parent_category_rn=%26sortBy=5%26searchSource=E%26pageView=%26beginIndex=900,,,,,
797,797,Green Truck Chardonnay Mendocino 2014,https://www.finewineandgoodspirits.com/webapp/wcs/stores/servlet/ProductDisplay?catalogId=10051&storeId=10051&productId=1955000&langId=-1&partNumber=000034924prod&errorViewName=ProductDisplayErrorView&categoryId=1334055&top_category=1334043&parent_category_rn=1334043&urlLangId=&variety=Organic+Wines&categoryType=Wines&fromURL=%2fwebapp%2fwcs%2fstores%2fservlet%2fCatalogSearchResultView%3fstoreId%3d10051%26catalogId%3d10051%26langId%3d-1%26categoryId%3d1334055%26variety%3dOrganic%2bWines%26categoryType%3dWines%26top_category%3d%26parent_category_rn%3d%26sortBy%3d5%26searchSource%3dE%26pageView%3d%26beginIndex%3d0,11.99,34924,None Available,https://www.finewineandgoodspirits.com/webapp/wcs/stores/servlet/ProductDetailInStore?ItemCode=000034924&catalogId=10051&storeId=10051&langId=-1&prodlistCatId=1334055&parent_category_rn=1334043&ProdName=Green%20Truck%20Chardonnay%20Mendocino%202014&fromURL=/webapp/wcs/stores/servlet/CatalogSearchResultView?storeId=10051%26catalogId=10051%26langId=-1%26categoryId=1334055%26variety=Organic+Wines%26categoryType=Wines%26top_category=%26parent_category_rn=%26sortBy=5%26searchSource=E%26pageView=%26beginIndex=0,,,,,
798,798,Kings Ridge Pinot Noir Willamette Valley 2015,https://www.finewineandgoodspirits.com/webapp/wcs/stores/servlet/ProductDisplay?catalogId=10051&storeId=10051&productId=1955012&langId=-1&partNumber=000034931prod&errorViewName=ProductDisplayErrorView&categoryId=1333947&top_category=25588&parent_category_rn=1333936&urlLangId=&variety=Pinot+Noir&categoryType=Wines&fromURL=%2fwebapp%2fwcs%2fstores%2fservlet%2fCatalogSearchResultView%3fstoreId%3d10051%26catalogId%3d10051%26langId%3d-1%26categoryId%3d1333947%26variety%3dPinot%2bNoir%26categoryType%3dWines%26top_category%3d%26parent_category_rn%3d%26sortBy%3d5%26searchSource%3dE%26pageView%3d%26beginIndex%3d0,15.19,34931,None Available,https://www.finewineandgoodspirits.com/webapp/wcs/stores/servlet/ProductDetailInStore?ItemCode=000034931&catalogId=10051&storeId=10051&langId=-1&prodlistCatId=1333947&parent_category_rn=1333936&ProdName=Kings%20Ridge%20Pinot%20Noir%20Willamette%20Valley%202015&fromURL=/webapp/wcs/stores/servlet/CatalogSearchResultView?storeId=10051%26catalogId=10051%26langId=-1%26categoryId=1333947%26variety=Pinot+Noir%26categoryType=Wines%26top_category=%26parent_category_rn=%26sortBy=5%26searchSource=E%26pageView=%26beginIndex=0,,,,,
799,799,Merryvale Sauvignon Blanc Napa Valley 2015,https://www.finewineandgoodspirits.com/webapp/wcs/stores/servlet/ProductDisplay?catalogId=10051&storeId=10051&productId=1955018&langId=-1&partNumber=000034936prod&errorViewName=ProductDisplayErrorView&categoryId=1334028&top_category=1334028&parent_category_rn=1334028&urlLangId=&categoryType=Wines&fromURL=%2fwebapp%2fwcs%2fstores%2fservlet%2fCatalogSearchResultView%3fstoreId%3d10051%26catalogId%3d10051%26langId%3d-1%26categoryId%3d1334028%26categoryType%3d%26top_category%3d%26parent_category_rn%3d%26sortBy%3d5%26searchSource%3dE%26pageView%3d%26beginIndex%3d900,22.39,34936,None Available,https://www.finewineandgoodspirits.com/webapp/wcs/stores/servlet/ProductDetailInStore?ItemCode=000034936&catalogId=10051&storeId=10051&langId=-1&prodlistCatId=1334028&parent_category_rn=1334028&ProdName=Merryvale%20Sauvignon%20Blanc%20Napa%20Valley%202015&fromURL=/webapp/wcs/stores/servlet/CatalogSearchResultView?storeId=10051%26catalogId=10051%26langId=-1%26categoryId=1334028%26categoryType=%26top_category=%26parent_category_rn=%26sortBy=5%26searchSource=E%26pageView=%26beginIndex=900,,,,,
